44
72
73
72
73
73
69
72
70
72
68
70
70
69
74
74
75
74
75
70
72
71
72
72
75
72
71
70
76
71
70
69
70
71
72
67
74
70
74
71
73
73
74
67
76
68
76
75
70
70
75
70
69
70
74
73
70
71
73
74
29
0
0
12
77
68
68
72
71
71
72
76
75
75
68
73
72
76
73
70
75
74
72
68
71
72
68
73
70
71
74
72
73
74
75
71
72
72
73
74
71
76
72
73
71
75
74
72
71
72
74
68
69
71
70
73
73
69
70
72
72
75
72
64
0
0
0
73
74
72
75
75
69
74
74
74
69
80
72
73
79
75
73
75
74
74
71
71
76
72
72
73
74
69
75
73
71
70
68
72
73
74
72
70
73
72
77
75
73
70
73
73
70
77
72
74
73
72
75
73
70
75
72
71
70
72
71
0
0
0
63
71
69
70
67
71
72
68
75
71
71
74
72
71
74
72
73
66
71
69
76
73
77
68
73
68
71
70
73
70
66
63
68
72
70
68
73
71
75
73
69
76
67
77
74
73
73
75
70
75
73
74
71
71
71
66
74
74
70
76
10
1
0
57
75
68
67
73
70
67
74
76
74
73
70
74
75
68
67
69
72
73
70
69
77
72
71
68
69
75
71
66
62
70
71
70
70
72
73
73
74
72
71
77
73
73
72
70
75
69
71
70
69
77
77
72
74
74
73
70
74
73
71
20
0
0
42
73
72
77
73
75
75
74
70
73
69
66
72
72
68
74
72
73
73
78
74
66
71
72
69
74
68
75
80
76
73
70
75
72
72
75
74
73
70
70
72
76
76
75
69
72
75
72
74
71
72
73
72
69
73
70
73
71
74
70
31
0
0
31
77
71
77
73
71
74
72
71
69
71
72
69
69
74
75
71
68
71
71
74
73
75
71
71
76
76
69
73
68
70
68
68
74
69
69
74
72
72
70
75
72
77
70
70
73
70
73
69
72
72
70
71
69
71
74
75
74
70
70
40