65
100
100
100
100
100
100
100
100
100
35
0
0
55
100
100
100
100
100
100
100
100
100
45
0
0
43
100
100
100
100
100
100
100
100
100
58
0
0
32
100
100
100
99
100
100
100
100
100
69
0
0
15
100
100
99
100
99
100
100
100
100
84
0
0
3
100
100
100
99
100
99
100
100
100
98
0
0
0
86
100
100
100
100
100
100
100
100
100
13
1
0
77
100
100
100
100
100
100
100
100
100
23
0
0
46
100
100
100
100
100
100
100
100
100
54
0
0
34
100
100
100
100
100
100
100
100
100
66
0
0
23
100
100
100
100
100
100
100
100
100
76
0
0
11
100
100
100
100
100
100
100
100
100
87
0
0
4
100
100
100
100
100
100
100
100
100
96
0
0
0
84
100
100
100
99
100
99
100
100
99
15
0
0
75
100
100
100
100
100
100
100
100
100
24
0
0
59
100
100
100
100
100
100
100
100
100
41
0
0
49
100
100
100
100
100
100
100
100
100
51
0
0
32
100
100
100
100
100
100
100
100
100
68
0
0
24
100
100
100
100
100
100
100
100
100
77
0
0
4
100
100
100
100
100
100
100
100
100
95
0
0
0
91
100
100
100
100
100
100
100
100
100
10
0
0
79
100
100
100
100
100
100
100
99
100
20
0
0
34
100
100
99
100
100
100
100
100
99
67
0
0
16
100
100
100
100
100
100
100
100
100
82
0
0
7
100
100
100
100
100
100
100
100
100
93