66
77
80
76
79
77
80
76
76
77
80
75
80
76
77
76
80
78
77
76
77
79
79
77
77
78
80
76
81
79
13
0
0
32
75
74
76
80
81
78
79
77
80
77
78
78
78
81
78
79
78
77
75
82
80
77
77
80
76
79
76
77
78
45
0
0
0
47
80
81
81
76
77
80
79
79
75
82
73
75
81
77
78
76
76
77
77
76
79
81
79
77
75
76
78
78
76
28
0
0
21
79
76
79
78
78
76
80
78
76
79
76
77
78
75
80
76
76
81
78
79
79
80
77
75
78
80
78
79
76
57
0
0
8
77
79
78
79
78
75
78
79
76
80
80
81
80
83
84
81
75
80
77
76
80
78
75
80
80
76
78
79
79
73
0
0
0
53
79
78
77
77
77
78
75
79
78
78
81
78
78
82
82
77
79
78
81
79
78
80
76
78
78
77
77
79
74
22
0
0
38
71
83
79
77
75
76
75
78
78
75
76
75
75
79
79
78
76
80
74
77
78
72
78
82
79
80
75
76
80
41
0
0
29
76
78
78
78
78
78
79
78
75
76
76
78
77
76
81
72
78
78
77
75
77
75
77
76
76
77
75
74
74
47
0
0
13
81
77
74
82
76
78
79
75
75
73
82
79
75
80
79
77
75
78
78
76
82
74
76
79
77
77
79
76
81
62
0
0
0
69
78
78
83
73
79
78
80
76
77
76
79
77
78
76
76
79
80
80
79
76
78
78
78
75
77
81
80
78
79
8