62
100
100
100
100
100
100
100
100
100
100
100
100
100
100
100
100
100
100
100
39
0
0
49
100
100
100
100
100
100
100
100
100
100
100
100
100
100
100
100
100
100
100
51
0
0
36
100
100
100
100
100
100
99
100
100
99
100
100
100
100
99
100
100
99
100
63
0
0
17
100
99
100
100
100
100
99
100
100
100
99
100
100
100
99
100
100
100
100
82
0
0
0
94
100
100
100
100
100
100
100
100
100
100
100
100
100
100
100
100
100
100
100
6
0
0
80
100
100
100
100
100
100
100
100
100
100
100
100
100
100
100
100
100
100
100
20
0
0
69
100
100
100
100
100
100
100
100
100
100
100
100
100
100
100
100
100
100
100
30
0
0
53
100
100
100
100
100
100
100
100
100
100
100
100
100
100
100
100
100
100
100
48
0
0
30
100
100
100
99
100
100
100
99
100
100
99
100
99
100
100
100
100
99
100
68
0
0
0
79
100
100
100
100
100
100
100
100
100
100
100
100
100
100
100
100
100
100
100
21
0
0
69
100
100
100
100
100
100
100
100
100
100
100
100
100
100
100
100
100
100
100
30
0
0
49
100
100
100
100
100
100
100
100
99
100
100
100
100
100
100
100
100
100
100
0
0
51
79
100
100
100
100
100
100
100
100
100
100
100
100
100
100
100
100
100
100
100
21
22
21
13