82
100
100
100
100
100
100
100
100
100
100
100
36
0
0
55
100
100
100
100
100
100
100
100
100
100
100
66
0
0
23
100
100
100
100
100
100
100
100
100
100
100
100
0
0
0
76
100
100
99
100
100
100
99
100
100
100
99
40
0
0
48
100
100
100
100
100
100
100
100
100
100
100
74
0
0
4
100
100
100
100
100
100
100
100
100
100
100
100
14
0
0
74
100
100
100
100
100
100
100
100
100
100
100
46
0
0
31
100
100
100
100
100
100
100
100
100
100
100
93
0
0
0
93
100
100
100
100
100
100
100
100
100
100
100
27
0
0
18
100
100
100
100
100
100
100
100
100
100
100
100
3
0
0
85
100
100
100
100
99
100
100
99
100
100
99
35
0
0
48
99
100
99
100
100
99
100
99
100
100
100
74
0
0
15
100
100
100
100
100
100
100
100
100
100
100
100
1
0
0
72
100
100
100
100
100
100
100
100
100
100
100
46
0
0
21
100
100
100
100
100
100
100
100
100
100
100
97
0
0
0
88
100
100
100
100
100
100
100
100
100
100
100
34
0
0
34
100
100
100
100
100
100
100
100
100
100
100
95
0
0
0
81
100
100
100
100
100
100
100
100
100
100
100
42
0
0
28
100
100
99
100
99
100
100
99
100
100
100
94
0
0
0
89
100
100
100
100
100
100
100
100
100
100
100
31