0.51
0
0
0
0
1.01
0.99
0
0
0
10
36.78
16.84
0
125.25
25.84
100
38.15
34.04
69.89
71.22
110.34
130.21
0
10
33.71
35.11
68.12
1.04
53.17
0
12
148.98
0
0
0
85.86
67.68
43.56
38.14
68.04
11.34
117.82
33.33
85.42
107.29
0
55.67
33.33
32.99
1.03
101
82.83
102.08
124
97.94
1.01
94.61
0
65.31
16.49
32
0
114.29
85.42
0
97.96
41.06
0
63.92
42.42
57.95
23
90.57
50
52.53
120.79
16
103.03
18.62
40.82
108.25
15.84
80
14.14
48.48
46.39
55.67
59
44.79
72.63
29.9
65.98
45
36.36
32.63
49.48
132.29
141.84
16.67
86.6
46.99
61.09
30
86.87
0
86.6
139
0
94.79
0
109.9
64.62
31.96
102.06
16.33
39.49
76
66.33
69.47
0
129.29
92.55
36.08
80.41
60.29
0
66.33
50.47
69.07
104.21
41.67
29.9
133.33
0
55.56
72.69
26.73
104.12
17.53
98.97
0
64.36
80.41
22.92
117.53
35.35
93.81
40.21
59.79
39.8
0
82.47
40.21
0
188.89
62.89
172.16
62.89
98.97
137.5
55.67
62.89
42.27
147.92
58.76
111.14
188.78
35.71
15
133
122.22
49.49
0
0
0
0
3
0
0
34.34
23
20.2
169
0
0
0
3.96
0
0
54.64
0
36.36
18.37
0
158.42
26
0
5.94
0
0
0
11.22
50
49.51
0
0
81
48.48
60
0
0
0
2.02
0
52.58
0
0
49.49
91
50
0
0
4.04
0
0
51.52
0
53
1
16
116
54.55
3
1.01
0
0
2.02
48.51
4.08
38
16.33
16.16
129.29
48
0
0
0
0
4
0
11
33.66
43.88
4.04
15
169.7
0
0
4
0
0
0
0
45.45
0
42
85
102.02
3.96
0
0
0
0
3
0
41.58
43.43
0
13.13
21
156
0
0
4.08
0
0
0
14.14
35.71
0
91
95
0
4
0
0
0
0
4.12
49.49