0.93
0
0.99
4.04
0
0
0
0
3
62.89
93.55
167.74
96.81
44.9
59.14
62.18
79.57
51.9
93.41
26.32
57.29
55.43
74
59.25
77.38
60.63
48.48
52.08
141.3
61.54
34.34
102.02
38.3
8.25
147.47
76.77
66.32
34.38
70.53
61.22
64.16
64.21
66.32
90.62
3
150
55.38
79.8
37.5
30.93
96.94
42.15
82.29
73.47
32.65
123.66
0
57.14
45.92
78.57
54.74
81.05
47.42
67.71
47.92
49.47
45.83
68
70.83
32.29
120.83
51.97
110.2
40
61.99
105.26
54.55
67.68
53.32
68.75
53.82
98.97
47.47
78
75.3
32.32
114.74
41.67
84.38
63.54
65.62
93.68
40.82
59.6
69.07
38.95
70.1
60.61
65.59
76.29
60.42
76.77
89.47
3.12
100
42.42
103.06
17.53
116.67
17.53
82.65
75.26
127.84
23.96
129.9
31.63
52.08
43.39
128.12
65.36
81.44
38.95
63.54
39.39
71.88
93.88
58.8
46.88
58.95
1.03
0
120.41
56.25
45.36
86.87
94.74
26.32
69.47
83.67
67.68
33.33
74.75
53
0
0
2
0
0
0
0
23.23
24
17
37
0
39.8
0
0
59.6
127.27
6
0
0
0
0
6.12
0
46.46
0
0
16.16
73.74
102.02
0
0
0
5.05
0
0
4.04
34.34
6.06
62
123.23
0
0
6
0
0
0
0
6.86
33
0
109.9
75.51
6
0
0
0
0
4.04
0
3.96
33.67
17.17
66.34
56.57
50.51
0
0
7
0
0
0
0
42
0
80.61
106.06
0
6.12
0
0
0
0
5.05
0
38.78
0
83.84
109.09
0
0
0
0
5.05
0
0
20
18.81
50.51
68.14
0
0
0
6.12
0
0
0
39
0.99
80.61
104
0
4.95
1.01
0
0
0
4
1.01
36.36
0
95
88.89
8
0
0
0
0
6.06
0
0
4.08
34
41
0
29.29
28.57
32.67
114.14
44
0
0
0
5
0
0
4.04
25
6.12
0
162
23
0
5.1
0
0
0
0
