5.43
0
0
0
0
0
2
0
0
0
0
26.26
164.1
89.04
71.11
193.55
124.71
137
116.22
194.38
212.94
112.2
119.79
129.72
42.71
89.8
16.16
82
88.89
120.65
101.03
61.46
71.88
4.04
30.3
27
48
20.62
33.11
75
84.38
16.49
50
46.46
50
0
72.45
54.17
77.08
112.05
97.96
78.57
0
82.47
36.24
21.78
115.62
59.51
49.48
46.82
3.06
53.54
63
13.27
120.2
55.56
14.43
0
52.53
86.87
71.72
84.4
83.66
0
103.09
13.4
16.49
125.51
16
101.05
78.95
50
46.88
46.94
58.33
70.1
0
0
113.27
3.09
0
61.62
70.71
43.61
83.33
97.98
70.41
56.25
101
46.88
1.01
0
128
120.83
89.8
39.58
89.47
83.51
0
105.21
48.77
48.74
48.98
33.68
115.31
24.29
78.93
42.71
0
0
121
57.73
4.08
130.61
46.24
133.68
11.11
71.43
126
34.69
58.17
22.68
43.65
63.54
67.35
82.83
46.88
18.56
1.03
129.29
40.54
0
48.98
79
84.69
52.9
101.04
21.21
138.78
48.58
26
0
35
0
0
4.04
0
0
0
0
4.04
1
0
0
0
3.03
0.99
0
0
0
2
37.62
0
79.8
104.95
4.04
0
0
0
0
2.02
0
0
37.37
84.69
100.99
4.08
0
0
0
3
2.02
33.67
35.35
0
0
119
72.45
0
0
0
3
0
36
0
35.71
2.97
1
50
97
40.4
6.19
0
0
0
2
39.39
1
0
129.29
59.18
4
0
0
0
36.36
4
36
0
35.35
0
65
122
0
0
0
0
4.04
35.35
0
35.71
36.63
1.01
29
111
45.92
4.04
0
0
0
0
6
33.33
37.76
0
18.18
153
17
0
0
0
4.08
0
37
35.35
0
38
1.01
0
67
120.2
3.06
1.01
0
0
35
0
39
0
0
16.83
34
110.89
27.27
0
0
0
3.03
2
34
0
34.65
96.94
76
17.17
0
0
5.05
0
0
2.02
