0.28
0
0
0
3.96
7
83.84
165.31
95.92
170.21
129.03
148.98
103.01
67.71
123
77.66
26.53
51.55
33.93
0
2
87.37
0
74.47
114.29
22.45
0
84.69
42.66
93.41
54.7
64.65
0
131
0
98.97
40.16
89.11
66.67
35.09
102.02
50.67
44.79
1.02
66.39
0
94
85
47
1
0
18.18
0
0
3.96
0
0
0
0
1
1
2
0
0
4.04
47
1
125
63.64
4
0
0
0
39
4.08
41
0
0
146
44.9
0
0
0
0
38
39.8
0
36
0
16.83
80.09
0
0
3.96
0
38.38
35
0
38
1
16
169.7
0
4.04
0
0
0
36.73
35.64
2
0
50
138.38
3
0.99
0
0
19.19
18.18
41.84
34.31
0
0
0
94.95
100
0
0
0
4
0
37
0
0
39.39
0
189.8
0
0
4.08
0
3.03
33
28
0
4.04
0
112
75
3.09
1.02
0
0
0
29.59
33.33
28
0
18
168.69
4.04
0
0
0
0
4.12
28
26.26
26
23.76
3
1
27
87.88
72.73
5
0
0
0
28.57
4.04
34.34
26
0
57.58
21
112.12
0
0
0
0
28
27
0
27.27
9.09
60.61
108.08
14
0
0
4
0
29.29
0
11
20
125
61.39
0
0
4.08
0
0
27.45
0
28
34.69
89
62.38
0
6
0
0
0
0
35
55.1
33.33
26.26
56
75.76
0.99
0
0
0
3.03
0
50.51
24.49
53.54
63
51
0
0
0
81.82
3
0
0
0
0
0
3.06
0
0
0
0
2.02
0
0
0
0
2
0
0
0
0
2
0
2.04
0
0
6.06
0
7.22
0
0
3.03
0

