1.55
0
0
2.02
0
0
0
0
1.98
0
0
0
0
2.02
0
0
0
0
10.1
51.06
66.67
75.53
76.6
37.76
52.98
118.95
8.7
84.04
59.29
111.11
59.6
25
108.51
41.05
40.21
88.54
2.06
93
46.88
83.51
54.66
140.43
46.94
30.3
80
64.2
74.74
52.58
86.87
85.86
5.15
5.15
127.72
44.79
69.37
43.34
61.5
101.04
16.49
84.38
74.23
32.65
66.67
64.06
81.05
16.84
75.76
64.65
66.34
77.08
55.21
67.35
71.43
45
103.19
57.25
50
57
90.43
47.92
55.21
58.33
37.5
7.29
129.29
64.39
2.08
82.47
81.82
85.42
37.11
42.86
70.71
68.75
66.67
49.48
23.23
115.46
42.86
65.98
18.18
39.8
114.58
23.96
24
112.5
16.67
84.54
27
80
65.58
100
51.58
84
61.62
67.01
73.33
57.14
16.67
119.19
98.97
55.33
120.43
44.21
56.12
79.21
77.08
50
87.19
86.46
14.58
97
86.02
5.15
95.92
68.71
32.99
76.53
101.03
40.21
104.26
47.96
130.61
54.4
122.45
109.28
84.42
0
0
0
0
2.97
0
14.14
42
0
28
102
55.56
0
0
4.04
0
0
0
0
46.53
0
9.09
88
50
41
0
0
0
0
3.96
0
0
45.54
0
4.04
46.53
0
0
132
54.55
0
0
0
0
3
0
0
43
0
4.04
22.22
126.26
35
0
4
0
0
0
0
4
43
0
0
86.14
97
1.01
0
0
0
4.08
0
0
1.96
41.41
4
9
140.4
34
0
6.12
0
0
0
0
3
29.7
15.84
0
120
66
0
0
0
0
3
0
0
37.37
16.83
111.11
61.22
0
0
0
4
0
0
0
35.71
4.04
50.51
131
0
0
4.04
0
0
0
0
3.03
1.01
36.36
18.81
16.16
38.38
0
41.41
17.35
133.66
33.33
0
0
0
0
3.03
1
0
0
34.34
4
39.39
34
0
34.34
0
67.15
0
0
1
1.01
0
0
0
35.71
