0.28
0
0
0
0
2
0
0
7
10
41.04
16.16
66.67
89
0
16.16
86
52.53
13.27
24.24
54.64
46.94
31.96
109.38
69.47
0
0
24.49
51.11
83.15
138.3
0
95.79
82.47
54.55
0
119.39
0
81.44
17.53
67.37
0
50
107.69
33.33
88.5
92.86
0
79
41.79
27.17
77.78
1
56.59
91.75
0
109.28
63.27
63.92
52.53
69.07
98.97
79.4
136.08
88.75
174.23
0
72
122.22
0
8.91
66
0
2.97
1
0
0
0
2
52.58
45
0
0
109
81
0
0
0
0
3.06
43
0
42.42
0
19.8
144.55
23.47
0
0
4.04
0
0
43.43
0
51.52
25.25
160
0
0
4.04
0
0
0
47
3
50.51
41
71
73
4.04
0
0
0
0
3.06
44.33
43
0
24.75
53
80
33.67
0
0
3
0
0
12.24
31.68
25
75
90
0
0
3
0
0
0
43.43
4.12
47
0
0
32
90.91
68.69
0
0
0
0
2
43.43
0
43.56
0
123.23
68.32
0
0
0
6.06
0
0
3
43.88
46.46
0
18
4
122.22
47.47
0
0
0
0
4.08
0
42.57
0
42.86
3.96
41.41
27.72
84
31.68
4.04
0
0
2.02
41.41
2.97
49
0
0
78
108
4.04
0
0
0
44.9
1.98
1.01
0
49.49
0
48
143
0
0
0
3.03
0
45
0
27.55
19
0
74.75
112.12
0
3.03
0
0
0
43.14
4.04
0
16
25.25
147.47
4.04
0
0
0
0
45.45
0
0
43.43
0
64.65
101
25.25
0
0
20
148.48
19
2
0
0
0
0
2
0
0
0
0
4.04
0
0
0
0
2.04
0
0
0
0
2.02

