0
0
3.96
2
1.01
1.01
0
1.03
0
0
0
0
0
0
0
0
0
0
0
1.05
1.03
0
0
0
0
0
0
0
0
0
0
0
0
0
0
0
0
0
1.06
0
1.06
0
0
0
0
0
0
0
0
0
0
0
0
1.04
0
0
0
1.05
0
0
0
0
0
0
0
0
0
0
0
0
1.08
0
0
0
0
0
1.04
0
0
0
0
0
0
0
0
1.04
0
0
0
0
0
0
0
0
0
0
1.05
0
0
0
0
0
1.03
0
0
1.08
0
1.02
0
0
1.04
0
0
0
0
0
0
0
0
0
0
0
1
0
1.01
0
1.04
1.01
0
0
0
0
1.04
0
0
0
0
1.01
0
0
0
0
0
0
0.99
0
0
0
0
0
0
0
0
0
2.02
2.02
26.8
12
31.31
20.41
1.98
0
0
0
0
1.04
27
96
100
94
97
98
97
98
100
97
69
0
0
1.04
0
0
2.04
54.55
96
98
97.03
95
97
96.97
99.01
98.99
95
43.43
0
0.99
0
0
1.04
0
42.42
98
100
97
98.02
97.98
98.02
99
93.94
96.04
54
0
0
0
0.99
0
28.28
96
100
94
96.97
95.05
95.96
98
100
98.02
70.41
0
1.01
1.03
0
0
1.02
83.84
97
99.01
100
96
94
96
99
95.05
96
14.14
0
1.05
1
0
0
0
2.02
96
95
97
98
97.98
100
96
96.04
95.96
98
0
1.02
0
0
1
0
51.02
98
98
96
96.04
98
95
100
77
60
47.47
1.03
0
0
97
97.03
96.97
98
98
97.03
98
97.03
94.95
95.05
0
0
0
50.51
97
97.98
98
96
95.05
93
98
98
96.97
50
0
0

