0
0
1
0
0
0
0
0
0
5
5
2
0
0
0
0
0
0
0
0
0
0
0
0
0
0
0
0
0
0
0
0
0
0
0
0
0
0
1
0
0
0
0
0
1
0
0
0
0
0
0
0
0
0
0
0
0
1
0
0
0
1
0
0
0
0
0
0
0
0
0
0
0
0
0
0
0
0
0
0
0
0
0
1
0
0
0
0
0
0
0
0
1
0
0
0
0
0
0
1
0
0
0
0
0
0
0
0
0
0
0
0
1
0
0
0
1
0
1
0
1
1
1
0
0
1
0
0
1
0
1
0
0
0
1
0
1
0
0
0
0
0
1
1
0
0
0
0
0
1
0
1
0
0
0
0
1
1
0
0
0
0
0
3
2
8
37
45
1
0
1
1
0
0
0
0
80
99
95
94
97
95
98
98
97
96
17
1
1
0
1
4
97
100
98
97
99
96
98
99
96
92
1
0
0
0
0
0
0
91
100
95
97
96
99
98
99
99
96
7
0
3
0
0
0
0
97
98
96
96
97
94
100
97
97
97
3
0
0
1
1
1
0
86
95
97
98
99
100
96
98
96
95
14
0
0
0
1
0
0
76
99
99
98
100
99
95
97
99
98
20
0
0
0
0
0
0
80
97
96
98
98
96
97
98
99
98
17
1
0
0
0
30
97
66
62
96
95
97
96
96
99
67
0
0
0
67
97
98
95
98
97
1
1
0
0
0
0
80
99
95
94
97
95
98
98
97
96
17
1
1
0
1
4
97
100
98
97
99
96
98
99
96
92
1
0
0
0
0
0
0
90.91
100
95
97
96.04
99
97.98
99.01
98.99
96.04
7
0
3.03
0
0
0
0
96.97
98.02
95.96
96
97.03
94
100
97
97
97
3
0
0
1
1.03
1.01
0
85.86
95
97
98
99
100
96
98
96
95.05
14
0
0
0
1
0
0
76.47
98.99
99
98
100
99.01
94.95
97
99
98
20.2
0
0
0
0
0
0
80
97
95.96
98
98.02
96
97
98
99
98
17
1.04
0
0
0
30.69
97
66.67
62
96
95
97
96
96
99
67.68
0
0
0
67.35
97.03
98
95
97.98
97.03

