0
0
0.99
0
0
0
0
0
0
0
5.05
7
2.13
0
0
1.1
0
0
0
0
0
0
1.05
0
0
0
1.03
0
0
0
0
0
0
0
0
0
0
0
1.05
0
1.03
0
1.05
0
0
0
0
0
0
0
0
0
1.05
0
0
0
0
0
0
0
0
0
0
0
0
0
0
0
0
0
0
0
0
0
0
0
0
0
0
0
1.09
0
0
0
1.06
0
0
0
0
0
0
0
0
0
0
0
0
1.06
0
0
0
1.1
0
0
0
1.05
0
0
0
0
0
0
1.04
0
0
1.02
0
0
1.04
0
0
0
0
2.15
0
0.99
0
0.99
0
0
1.02
0
0
0
1.04
0
0
0.99
0
1.01
0
0
2
0
0
0
0
2.04
0
0
0
0.99
2.08
3
1
1.02
0
0
0
1.01
87
98
95
97
98
98
98
97
96
98
12.24
0.99
1.03
0
0
0
37
95.05
98.99
96
95.05
100
94.95
95
96.04
98.99
60
0
1.04
0
1.02
0
70
95.96
95
97.03
96
100
94.06
97
98
95.96
27.72
0
0
0
0
1.05
58.59
96
98
98
99
98
96
97
99
97
40.4
1.01
0
0
1.06
0
79.59
97
98
98
97
99
95.05
95.96
98
97
19
0
0
0
1.01
0
56
97
97
98
97
98
100
96
99.01
96.97
41.58
0
0
0
0
2.04
40.4
96.97
98
94
98
98
97.03
98
96
91.92
36.63
0
0
6.52
94.06
97
95
98
95
95
97
95
97
90
0
1.04
0
63.64
95.05
97
95.96
95.05
95.96
97
95
99
98
35.71
0
0
18.75
94
97
96.04
96
95.96
95.05
95
94.95
96.04
79.8
1.01
0

