0
0
0
0
3.03
4
4.04
0
0
0
0
0
0
0
1.04
0
0
0
0
1.06
0
0
0
0
0
0
0
0
0
0
0
0
0
0
0
0
0
0
1.01
0
0
0
0
0
0
0
0
0
0
0
0
1.05
0
0
0
0
0
0
0
0
0
0
0
0
0
0
1.06
0
0
1.06
0
0
0
0
0
1.04
0
0
0
0
0
0
0
0
0
0
0
0
0
0
0
0
0
0
0
0
0
0
1.02
0
1.02
0
0
1.01
0
0
2.02
0
0
0
0
0
1.01
0
0
0
1
0
0.99
1.03
0
1.02
1.01
0
1.01
1
0
1
0
0
1.02
0
1.05
0
1.02
0
0.99
0
0
1.01
0
0
0
0
1
0
1
0
0
0
1
0
0
1
0
2
3.03
1
0
0
0
1.02
0
88
99
95
97
97
97
99
95
95
96.97
9
1.01
1.02
0
0
0
40
98
95
97
96
97
98
97
94.95
98
58
0
0
0
0
0
36.36
98
96
97
96.04
97
97
100
94.95
99.01
59.41
0
0
0
0
1.04
16.33
98
98
97
95
97
100
99.01
94.95
98.02
82
0
0
0
0.99
0
3.06
96.04
100
95
97
97
96
100
94.06
97.98
94.06
0
0
1.02
0
1.02
2.97
97.98
99.01
96.97
96
97
97
97
98
97.03
93.94
0.99
0
0
3
1.01
50
97
96.04
97
97
98
99.01
96.97
96
97
47
0
1.03
0
88.12
97
94
97
96
96.04
99
97
98
98
9.38
0
0
46.46
95.96
98
97
96
97
97
95
95
95
53
0
1.01
0
85.86
96
96
98
97
95

