0.51
0
0
0
0
1.01
0.99
0
0
0
10
36.78
16.84
0
125.25
25.84
100
38.15
34.04
69.89
71.22
110.34
130.21
0
10
33.71
35.11
68.12
1.04
53.17
0
12
148.98
0
0
0
85.86
67.68
43.56
38.14
68.04
11.34
117.82
33.33
85.42
107.29
0
55.67
33.33
32.99
1.03
101
82.83
102.08
124
97.94
1.01
94.61
0
65.31
16.49
32
0
114.29
85.42
0
97.96
41.06
0
63.92
42.42
57.95
23
90.57
50
52.53
120.79
16
103.03
18.62
40.82
108.25
15.84
80
14.14
48.48
46.39
55.67
59
44.79
72.63
29.9
65.98
45
36.36
32.63
49.48
132.29
141.84
16.67
86.6
46.99
61.09
30
86.87
0
86.6
139
0
94.79
0
109.9
64.62
31.96
102.06
16.33
39.49
76
66.33
69.47
0
129.29
92.55
36.08
80.41
60.29
0
66.33
50.47
69.07
104.21
41.67
29.9
133.33
0
55.56
72.69
26.73
104.12
17.53
98.97
0
64.36
80.41
22.92
117.53
35.35
93.81
40.21
59.79
39.8
0
82.47
40.21
0
188.89
62.89
172.16
62.89
98.97
137.5
55.67
62.89
42.27
147.92
58.76
111.14
188.78
35.71
15
133
122.22
49.49
0
0
0
0
3
0
0
34.34
23
20.2
169
0
0
0
3.96
0
0
54.64
0
36.36
18.37
0
158.42
26
0
5.94
0
0
0
11.22
50
49.51
0
0
81
48.48
60
0
0
0
2.02
0
52.58
0
0
49.49
91
50
0
0
4.04
0
0
51.52
0
53
1
16
116
54.55
3
1.01
0
0
2.02
48.51
4.08
38
16.33
16.16
129.29
48
0
0
0
0
4
0
11
33.66
43.88
4.04
15
169.7
0
0
4
0
0
0
0
45.45
0
42
85
102.02
3.96
0
0
0
0
3
0
41.58
43.43
0
13.13
21
156
0
0
4.08
0
0
0
14.14
35.71
0
91
95
0
4
0
0
0
0
4.12
49.49
0
136.36
52.04
3
1.01
0
0
0
3.06
2.02
40
0
186
4
0
0
0
0
3.03
0
0
18.18
24.24
109.09
82.83
0
0
0
0
5
0
0
0
29.59
19
0
137
49.49
0
4
0
0
0
0
4
44.9
0
26.26
89.11
53
19.19
0
0
0
2.94
0
42
0
37.62
102
50.52
0
0
0
4
0
2.04
40.82
43
4.08
16
59.6
113.13
0
4
0
0
0
0
5.05
0
46
0
170.71
18
1.02
0
0
0
4.04
0
0
0
45.45
4
0
46
0
45
53
92.08
0
0
0
3.06
0
0
0
0
1.98
43.43
0
43
0
9
29.29
153
0
0
0
5.1
1.01
0
0
41
0
4.04
0
187.88
0
0
4.08
0
0
0
0
39
16.16
19.39
0
0
81
111
0
0
0
3
0
0
0
35
4
0
82
104
0
3.03
0
0
0
0
3
0
35.35
0
79
113.13
0
0
0
0
4.04
0
0
0
0
38.61
40.4
0
35
0
36.36
155.56
0
0
0
4.04
0
0
0
35.71
2
1
48
106.06
32
4
0
0
0
0
3
1.98
34.34
16.16
50.51
82
42
0
0
0
2.04
0
0
0
34.69
4.08
37.37
0
35
0
79.8
111.11
0
0
0
5.1
0.99
0
0
0
41.84
34
152.53
0
0
4
0
0
0
0
3.03
35
0
34.34
136
21.43
0
0
0
0
3.09
0
0
34.69
0
79
110.89
0
0
0
0
4
0
0
0
1
35
35
0
0
39
0.99
82.83
102
0
3.03
1.01
0
0
0
2
19.19
19.19
0
98.99
90
1
0
0
0
2.97
1.01
0
34.34
0
0
0
71.97
0
0
3.96
0
0
0
27
13
9
43
129.29
0
5.05
1
0
0
0
4
0
29
110
76.77
4.04
0
0
0
0
3
1.01
0
0
31
29.59
29
26.73
0
0
71
106.06
16.83
0
0
2.02
1.01
0
0
26
0
3.96
18
147.47
21.78
2.02
1.03
0
0
0
27.72
1.01
0
30.3
87
104.04
1.02
0
0
0
4.04
1.01
0
2.02
36.73
134.34
51
0
0
0
2.97
0.99
0
0
1.98
27.55
66.43
0
0
0
4.04
0
0
0
28
4
41.41
147
0
0
3
1
0
0
0
4
27.27
0
86
54.55
51
0
0
0
0
4
0
0
2.02
24.75
31.63
15.84
12
29.59
33.66
143.43
15
0
0
0
2.97
0
0
0
28.28
3.96
16
170.71
0
0
3.96
0
0
0
0
4.08
27.27
49.5
137
0
4.08
0
0
0
0
3.09
0
27.55
16.16
55
119.19
0
0
0
0
4.04
0
0
2
0
31.31
62.63
124.24
0
0
4.04
0
0
0
0
4
28.71
45.92
77.23
63.64
3.96
0
0
0
0
4
97.96
58
2
0
0
0
0
0
1.98
0
0
0
0
2.02
0
0
0
0
2
0
0
2
0
6.06
0
0
6.12
0
4
0
0
0
0
4.04
0
0
0
0
2.02
0
0
0
0
1.96
0
0
0
0
2.04
0
0
0
0
1.98
0
0
2.02
0
4.04
0
0
3.06
0
4.04
0
0
0
0
0
4.04
0
0
0
0
2.04
0
0
0
0
2.02
0
0
0
0
2
0
0
0
0
2.02
0
3
0
0
3.96
0
5.05
0
0
3.03
0
0
0
0
3.03
0
0
0
0
4.04
0
0
0
0
4.04
0
0
0
0
1.98
0
0
0
0
2.04
0
2
0
0
4
0
9.09
0
0
4.08
0
0
0
0
2.97
0
0
0
0
2.02
0
0
0
0
2.04
0
0
0
0
2
0
0
0
0
0
2.02
2.02
0
0
0
6.06
5.05
0
0
0
4.08
0
0
0
0
3
0
0
0
0
1.98
0
0
0
0
2
0
0
0
0
2.02
0
0
0
0
2
2.02
0
0
0
0
8
0
0
0
0
2
0
0
0
0
2.04
0
0
0
0
2.02
0
0
0
0
3.96
0
0
0
0
2
0
0
0
0
4
0
0
0
0
10
0
0
0
0
3.03
0
0
0
0
0
3
0
0
0
0
2
0
0
0
0
2
0
0
0
0
2
0
0
0
2
3.96
0
0
0
3
6
0
0
0
0
4.04
0
0
0
0
0
2.02
0
0
0
0
2.02
0
0
0
0
0
2.02
0
0
0
0
2
0
3.06
0
0
0
4.04
6
0
0
0
4.04
0
0
0
0
3.06
0
0
0
0
3
0
0
0
0
4.04
0
0
0
0
2
0
0
0
0
2.02
2.02
0
0
0
4.04
5
0
0
0
0
4.08
0
0
0
0
2.04
0
0
0
0
2.02
0
0
0
0
2.02
0
0
0
0
1.98
0
0
0
0
4.95
0
0
0
0
0
6
0
0
0
0
2.04
0
0
0
0
2.02
0
0
0
1.01
2.02
0
0
8.08
12
11.88
10.1
2
5.05
15
12.87
13.13
13
16
18.18
16.16
14.85
12.12
5
4
22
18
10.89
11.11
15.15
12
16
3
20
19
32.32
30.3
18.18
25
16
17
6.12
0
0
0
0
0
2
1
0
0
0
1.96
0
2.02
11
1.01
122.92
54.55
73.96
37.5
147.47
5.94
121.74
61.05
73.47
84.21
46.32
52.85
0
104.12
64.86
81.44
30.93
56.57
50.2
19.79
16.49
150.52
76.6
0
55
81
3
106.25
75.76
22.68
18.56
128.57
83.33
83.67
53.12
35.05
73.68
16.16
151.02
48.04
39.8
59
107.14
16.67
81.82
49.49
48.45
77.16
0
70.71
112.5
102.08
111.46
54.17
32.99
94.9
69.86
32.65
46.88
64.95
15.62
60.2
85.11
131.96
55.56
16.33
121.05
72.73
66.67
44.33
100
44.9
22.68
91.75
48.48
0
108.16
139.58
49.48
32.99
171.28
80.2
52.13
51
81.44
99
81.44
80.41
103.16
4.04
18
46.46
99
0
71.32
17.71
3.03
142.27
151.02
37.11
19.19
62.24
67.01
27.27
114.74
39.36
68.75
107.29
25
80.41
64.74
100
11
22
88.41
78.35
41.05
38.14
55.67
47.42
45.83
42.86
23.96
0
114
117.53
44.55
36.73
97.94
18.56
23.23
70.71
134.74
0
176.53
15.31
50.52
114.14
59.79
136.84
111.71
90.91
81
117.17
0
0
16.16
62
0
3.03
0
0
0
0
2.02
0
55.45
0
0
3.96
96
89
0
0
3
0
0
0
0
4.04
0
55.1
0
0
54
0
79.59
34
73.74
4
0
0
0
0
3
0
55
0
0
52.48
62
75.76
0
0
1.98
0
0
0
0
53.54
0
48.48
47
90
3.96
0
0
0
0
3.03
0
0
0
50.51
4
0
16.16
37
0
6
108.08
79.8
0
0
5.05
0
0
0
0
61.39
0
0
81
105.05
4.04
0
0
0
0
2.02
0
0
52.48
0
4
186.87
0
0
0
3
0
0
0
0
54
0
0
97.98
85.15
4.04
0
0
0
0
3
0
0
51.52
0
19.8
137.37
34
0
0
5
1.01
0
0
0
2.02
36.73
16
0
43.88
4.04
0
78
46.53
59
3.09
0
0
0
0
2.02
41.58
0
0
9.09
172.28
6
0
0
0
4
0
0
0
43
3
1.01
1.01
91
95
6.06
0
0
0
0
3.96
29
16.16
0
0
36
137
17
0
0
4
0
0
0
0
1.98
44.44
9.09
79.8
98.02
4.04
0
0
0
0
3
0
0
0
43.88
4.04
0
45
0
22
127
39.39
0
0
0
0
5
0
0
0
45.92
3.03
48
0
42
0
3.96
32.32
115.15
40.4
0
3.06
0
0
0
0
1
1
43.88
0
43
4.04
47
0
79
109.09
3
0.99
0
0
0
3.03
0
11
32
15.84
114
28.91
0
0
3.96
0
0
0
0
46
0
0
0
47.47
3.03
10.1
102.02
74
0
4.04
0
0
0
0
3.06
45
0
25
160
4
0
0
0
0
48.48
0
0
0
44
9.09
109
73
0
0
0
4.04
2
40.4
0
42.57
28.28
100
61.62
0
0
4.08
0
0
44
0
5
0.99
69
118
0
3.96
0
0
46
0
3.03
41
0
67.68
120.2
4.04
0
0
0
0
38.38
0
0
38
0
66
123.23
0
0
0
0
6
33.33
0
0
34
70
105.05
16.33
0
2.94
1.02
0
0
18.81
16
20
33
136.63
0
0
6
0
0
0
0
2
1
0
37.76
0
19.61
22.22
113.13
72
0
4.04
0
0
0
0
4.04
57.58
0
18
96.97
71
14
44.9
12.12
0
0
0
0
4
35.35
35
0
34.65
36
83
33.33
9
46.46
13
16.16
45.54
8.16
0
0
0
35
4.04
0
40
0
34
16
156
23
20
2
45.45
11.22
0
0
0
0
4
34.65
35
0
35.35
4
128
16
58.42
5.05
8
35
29.29
0
0
0
0
37.62
0
35
35
0
16
28
77.17
0
56.57
0
0
0
0
6.06
0
0
27.72
26.26
40
53
90
43
17.17
4.95
42.42
2
6.93
2.02
0
0
0
28
11
16
36.36
16
53.47
1
9
82.18
84
31.68
0
54
0
0
0
0
4.04
0
0
27.27
26
4
18
109
70
19.19
2.02
44
10
0
0
0
0
4
0
0
26
26.26
3.96
29
33
48.08
18.18
36.27
18.18
0
0
0
0
3.96
0
0
0
27
29
10
78.79
47.97
7
33
15.15
0
0
0
0
4.04
0
27
29
0
30.69
74.75
125
10.89
4
7.07
49.5
2
0
0
0
3
1
0
0
26
29
1
16
9
59.63
1.02
50
0
0
0
0
4.04
0
26
11
15.84
29
0
31.31
61.22
0
52.53
0
0
0
0
6.06
0
18.18
11
27
2.97
96.97
16.67
92.93
10.2
37
14
6
0
0
0
0
3.96
27.27
0
26
25.74
4
0
0
34.34
76.68
0
