0.93
0
0.99
4.04
0
0
0
0
3
62.89
93.55
167.74
96.81
44.9
59.14
62.18
79.57
51.9
93.41
26.32
57.29
55.43
74
59.25
77.38
60.63
48.48
52.08
141.3
61.54
34.34
102.02
38.3
8.25
147.47
76.77
66.32
34.38
70.53
61.22
64.16
64.21
66.32
90.62
3
150
55.38
79.8
37.5
30.93
96.94
42.15
82.29
73.47
32.65
123.66
0
57.14
45.92
78.57
54.74
81.05
47.42
67.71
47.92
49.47
45.83
68
70.83
32.29
120.83
51.97
110.2
40
61.99
105.26
54.55
67.68
53.32
68.75
53.82
98.97
47.47
78
75.3
32.32
114.74
41.67
84.38
63.54
65.62
93.68
40.82
59.6
69.07
38.95
70.1
60.61
65.59
76.29
60.42
76.77
89.47
3.12
100
42.42
103.06
17.53
116.67
17.53
82.65
75.26
127.84
23.96
129.9
31.63
52.08
43.39
128.12
65.36
81.44
38.95
63.54
39.39
71.88
93.88
58.8
46.88
58.95
1.03
0
120.41
56.25
45.36
86.87
94.74
26.32
69.47
83.67
67.68
33.33
74.75
53
0
0
2
0
0
0
0
23.23
24
17
37
0
39.8
0
0
59.6
127.27
6
0
0
0
0
6.12
0
46.46
0
0
16.16
73.74
102.02
0
0
0
5.05
0
0
4.04
34.34
6.06
62
123.23
0
0
6
0
0
0
0
6.86
33
0
109.9
75.51
6
0
0
0
0
4.04
0
3.96
33.67
17.17
66.34
56.57
50.51
0
0
7
0
0
0
0
42
0
80.61
106.06
0
6.12
0
0
0
0
5.05
0
38.78
0
83.84
109.09
0
0
0
0
5.05
0
0
20
18.81
50.51
68.14
0
0
0
6.12
0
0
0
39
0.99
80.61
104
0
4.95
1.01
0
0
0
4
1.01
36.36
0
95
88.89
8
0
0
0
0
6.06
0
0
4.08
34
41
0
29.29
28.57
32.67
114.14
44
0
0
0
5
0
0
4.04
25
6.12
0
162
23
0
5.1
0
0
0
0
33
15.84
11.88
9
132.32
49.02
0
0
0
0
5
0
4
25
0
50.51
90.91
50.51
0
0
4.08
0
0
0
33.33
6
16.16
36.36
135.35
0
4.04
0
0
0
0
7
25.51
18
29
127
15.84
0
0
0
0
3.96
0
28
29.29
0
6
94.95
91.09
0
0
6.06
0
0
0
0
31.68
0
0
70.71
113.86
7.07
0
0
0
0
7
0
4.12
27
0
61.62
129.29
1.01
0
0
5.05
1.01
0
0
0.99
33
1.01
46
139
0
5
0
0
0
0
1.98
14.29
15.84
8.91
122.22
60.78
0
0
0
0
2.04
0
0
28.71
0
9
85
96
1
0
0
7
0
0
0
29.59
5.05
11
46.46
140.4
0
6
0
0
0
0
4
28
0
0
112.12
79.8
0
0
0
0
5.05
0
0
28
0
25.25
80.39
0
0
0
5.1
0
0
0
31.31
6.06
9
88.12
86.87
0
3.96
0
0
0
0
4.04
0
31.31
29.29
0
33
32.67
26
96.97
62.38
6.25
0
0
0
0
5.94
0
0
29.29
12
22
35.35
29.59
17.17
87.13
84.69
0
0
0
0
6
0
0
0
15
22.45
38
0
29.29
29.29
21.78
89.9
79
0
0
6
0
0
0
0
3.92
28
0
29
29.29
31
0
113.27
72
0
6.06
0
0
0
0
4.04
0
35.35
0
112
79.8
0
0
0
0
6.06
0
0
3.96
24.24
17
81.22
0
0
0
8
0
0
0
4
31
24.24
35
126.26
0
5.94
0
0
0
0
5.1
0
29.59
9.09
118
64
0
0
0
0
4
31
25.74
29.29
28
110.89
77.78
0
0
0
4.12
0
28.57
52.53
28.71
32
9
145
30.69
0
6
0
0
0
32
32
34.34
28.71
49.49
135.35
5.05
1
0
0
0
33.67
32
28
9.09
82.83
99
1.02
0
0
0
19
29
16
29.59
25
93
74
0
0
0
5.94
37
28.28
28.71
28.28
40.59
78.22
69
0
0
6.12
0
30.61
30.3
31.63
30
1
111.11
76
0
4.95
1.02
0
0
47.96
39.39
17.35
19
93
91.84
0
6.06
0
0
0
0
5.1
28
25.74
9.09
167
15.15
0
0
0
0
4
0
19.8
23.76
15.84
34.34
118.81
36.27
0
0
3.96
0
0
0
29.7
41
0
28
158.59
0
6.06
0
0
0
0
5.1
28.28
28.57
0
127.27
63.64
0
0
0
0
6.06
0
0
29
27.72
31.31
81.82
80.81
0
0
6.12
0
0
0
30
5.05
32
49.5
112.12
23
6
0
0
0
0
7
16
16
28.43
46.46
85.86
58.59
0
0
0
4
0
0
4.04
27
9.09
84.58
0
0
0
110.1
3
0
0
0
0
2.04
0
0
0
0
2.02
0
0
0
0
2
0
0
0
0
3.03
0
0
4.04
0
0
8
0
10.1
0
0
4
0
0
0
0
3
0
0
0
0
2
0
0
0
0
2
0
0
0
0
2.04
0
1.02
0
0
2.04
0
4
0
0
5.94
0
9.18
0
0
6.06
0
0
0
0
6.06
0
0
0
0
2
0
0
0
0
2.02
0
0
0
0
2.02
0
0
0
0
2
0
4.04
0
0
6.12
0
10.1
0
0
5.05
0
0
0
0
3.06
0
0
0
0
3.06
0
0
0
0
2.04
0
0
0
0
4.04
0
0
0
0
1.98
0
4
0
0
5
1
11.11
0
0
5.94
0
0
0
0
0
4
0
0
0
0
2.04
0
0
0
0
2.02
0
0
0
0
2.04
0
0
0
0
2.02
3.96
0
0
0
8
9
0
0
0
4
0
0
0
0
1.98
0
0
0
0
2.02
0
0
0
0
2.02
0
0
0
0
1.96
0
0
0
0
2.04
4.04
0
0
0
6.06
7.07
0
0
0
5.94
0
0
0
0
7.14
0
0
0
0
2
0
0
0
0
2
0
0
0
0
2
0
0
0
0
2
4
0
0
0
6.06
9
0
0
0
4.04
0
0
0
0
2.04
0
0
0
0
2.02
0
0
0
0
2.02
0
0
0
0
4
0
0
0
0
2
4.04
0
0
0
6
9.09
0
0
0
6
0
0
0
0
5.05
0
0
0
0
3.03
0
0
0
0
2
0
0
0
0
2.02
0
0
0
0
1.98
4.04
0
0
0
6
7.07
0
0
0
6.86
0
0
0
0
2.02
0
0
0
0
2.02
0
0
0
0
2.02
0
0
0
0
2.04
0
0
0
0
2.04
4
0
0
0
6.12
9.09
0
0
0
5.15
0
0
0
0
4.04
0
0
0
0
2.02
0
0
0
0
4
0
0
0
0
2.02
0
0
0
0
2
4
0
0
0
6
9.09
0
0
0
4.04
0.99
0
0
0
3
0
0
0
0
2.02
0
0
1.05
0
2
0
20.41
16
16.16
8
18.18
15.15
18
13.13
19
16.83
15.15
13.86
17
21.21
14.85
16
18
20.2
12.87
15.84
26.73
17.82
11
9.09
20
13
29.7
23.23
33.66
30
12.24
23
39.39
9.09
5.94
6.06
11
29
35.35
19
19.19
33
24.24
36
40.4
31
37.37
30
32
44.44
8.16
0
0
0
5.05
7
1.01
0
0
0
2
1.01
0
0
0
3.03
1
31.31
66.67
27.17
116.16
84.04
45.83
56.12
87.23
20.2
20.62
116.49
20.41
75.62
60.2
32.99
67.01
102
64
33.68
59.57
62.77
33.33
74.89
38.54
98.98
105.26
42.27
47.37
84.38
70.21
96.84
25.74
0
42.27
122.68
42.21
67.68
52.08
64.14
95
60.66
6.12
0
153.61
57.39
71.72
0
137.37
94.95
16.49
100
17.53
67.35
96
46.88
37.11
70.1
77.66
18.37
103.19
44.9
38.14
129.03
29.47
48.98
97.94
61.7
50.32
50.53
35.42
64.65
103.03
28.42
53.61
26.8
96
97.89
15.62
98.97
40.82
43.16
82.29
27.84
104
23.47
60.2
70.3
53
55.56
16.49
16.49
139.58
66.91
46.46
38.38
58.95
47.42
29.59
70.1
80
45.58
85.71
70.83
65.62
84.38
38.54
52.58
46.88
68.42
28.87
33.67
70.71
44.68
32.63
43.88
63.64
79.17
62.11
32.99
74.89
26.04
125.81
0
98.97
10.53
120.2
43.54
118.18
50
29.17
75.26
31.68
80.81
46.94
151.04
55.67
129.47
125.51
93.94
125
117.71
87.76
111.7
140.86
90.43
97.96
112.77
90.82
134.38
67.37
76.53
107.22
82.13
43.43
0
47.96
0
0
3.06
0
0
3.92
55
6.19
0
57.58
0
16.16
95.96
78.79
0
0
0
4.12
0
0
4.04
51
6.06
0
183
0
0
4
0
0
0
0
6.06
49.5
0
110.89
71
8.08
0
0
0
0
2.97
1.02
56.12
0
32.32
123.23
34.34
0
0
0
6.06
0
0
55.56
0
34.69
156.57
0
0
0
5.05
0.99
0
0
4.04
51
5.88
80
101.98
0
0
5
0
0
0
4.04
55
0
44
140.4
0
6
0
0
0
0
3.06
53.54
0
0
82
110.1
0
0
0
0
5.05
0
4
52.04
0
83.84
105
0
0
0
5.1
0
0
0
45.92
6.06
15.84
56.57
112
0
5.94
0
0
0
0
5.05
29.29
15.84
23.76
138.38
26
0
0
0
0
6
0
4
45.45
0
119.8
68.69
0
0
0
0
7.14
0
0
47.47
0
24
151.52
16.16
0
0
6.06
0
0
0
29.29
19.8
8.91
151.52
24.49
0
6.06
0
0
0
0
5.05
45.92
0
78.57
107
6.06
0
0
0
0
5.1
0
47.96
0
9.09
83.26
0
0
0
3.96
0
0
0
46.46
5
9
135
40
0
5
0
0
0
0
4
4
37.37
0
84
106
0
0
0
0
5
0
0
0
0
39
0
37.37
0
36
6
0
118
64
0
5.94
0
0
0
0
6.12
38.38
0
3
97.96
91.18
0
0
0
0
4.04
0
0
39
0
6
123.23
63.64
0
0
5.05
0
0
0
0
41
0
16
99
68.69
6
0
0
0
0
6
0
37
0
62.63
129.29
0
0
0
0
8.08
0
0
38
0
33
69.64
0
0
6
0
0
0
4.04
39.39
0
112.12
73
0
6.06
0
0
0
0
4
0
39.39
0
69
121
1
0
0
0
4.08
0
0
0
0
1.98
35.64
0
0
0
0
79.17
0
1.01
25.25
96
2
56
0
0
0
0
0
6
0
0
0
37.62
4.04
35
154
33.33
16
42.86
0
0
0
0
6.06
0
0
0
36
6.06
15.84
165.35
35.35
16.16
42.42
0
0
0
0
4.95
1
0
0
20.2
21.78
16
108
86.87
10.89
43.88
16.16
0
0
0
0
7.07
0
0
2
37.37
40
0
60.61
105
57
0
53
0
0
0
0
6
0
0
0
37
8
34
130
58.42
1.02
44.55
0
0
0
0
6
0
0
0
37
6
31.68
102.02
84
2.04
41.58
12
0
0
0
0
6
0
0
37
0
23
89
89.22
34.69
38
23
0
0
0
0
0
6.06
0
0
0
41
0
99
60.4
61
15.84
38.38
1.98
0
0
0
0
6
0
0
37
0
24
116
79.8
7.14
28.71
21
10.1
0
0
0
0
8
0
1
28.71
29
6.06
72
107.92
27
16
1.01
45.45
12.87
0
0
0
0
6
0
13
16
28
24
95
54.55
48.48
15
0
58.42
1.98
0
0
0
0
5
0
0
28
29
5
43
42
52
75.25
15
44.55
13.13
0
0
0
0
7.07
0
30
27.72
29
21
9
48
130.69
20
16
57.58
0
0
0
0
32.32
1
86
98
0
6
0
4
62.32
0
67.68
7.92
0
0
0
28
22
102
66
0
0
6
0
20
130
32.32
0.99
68.69
0
0
0
0
31
56
87
40
0
5.05
0.99
4
103.03
45.54
0
72.73
8.08
0
0
0
0
31
28.71
132
25
0
6.06
0
59.41
83.84
0
79.8
1.02
0
0
0
29.29
0.99
32.32
0
29.29
57.43
54
106
50.51
42.42
13.13
0
