0.28
0
0
0
3.96
7
83.84
165.31
95.92
170.21
129.03
148.98
103.01
67.71
123
77.66
26.53
51.55
33.93
0
2
87.37
0
74.47
114.29
22.45
0
84.69
42.66
93.41
54.7
64.65
0
131
0
98.97
40.16
89.11
66.67
35.09
102.02
50.67
44.79
1.02
66.39
0
94
85
47
1
0
18.18
0
0
3.96
0
0
0
0
1
1
2
0
0
4.04
47
1
125
63.64
4
0
0
0
39
4.08
41
0
0
146
44.9
0
0
0
0
38
39.8
0
36
0
16.83
80.09
0
0
3.96
0
38.38
35
0
38
1
16
169.7
0
4.04
0
0
0
36.73
35.64
2
0
50
138.38
3
0.99
0
0
19.19
18.18
41.84
34.31
0
0
0
94.95
100
0
0
0
4
0
37
0
0
39.39
0
189.8
0
0
4.08
0
3.03
33
28
0
4.04
0
112
75
3.09
1.02
0
0
0
29.59
33.33
28
0
18
168.69
4.04
0
0
0
0
4.12
28
26.26
26
23.76
3
1
27
87.88
72.73
5
0
0
0
28.57
4.04
34.34
26
0
57.58
21
112.12
0
0
0
0
28
27
0
27.27
9.09
60.61
108.08
14
0
0
4
0
29.29
0
11
20
125
61.39
0
0
4.08
0
0
27.45
0
28
34.69
89
62.38
0
6
0
0
0
0
35
55.1
33.33
26.26
56
75.76
0.99
0
0
0
3.03
0
50.51
24.49
53.54
63
51
0
0
0
81.82
3
0
0
0
0
0
3.06
0
0
0
0
2.02
0
0
0
0
2
0
0
0
0
2
0
2.04
0
0
6.06
0
7.22
0
0
3.03
0
0
0
0
3.03
0
0
0
0
2.02
0
0
0
0
2.02
0
0
0
0
2.04
0
0
0
0
1.98
0
2
0
0
4.08
0
4.04
0
0
4.08
0
0
0
0
3.03
0
0
0
0
4
0
0
0
0
2.04
0
0
0
0
2.04
0
0
0
0
4.04
0
2.04
0
0
4.04
0.99
10.1
0
6
34.34
38
22
6.06
6.93
21.21
24.24
13.86
21
13.13
0
0
0
0
3
62.89
49.49
82.65
116.67
194.9
65.66
248.45
79.8
67.68
0
88.66
15
56.39
32.65
68.37
74.74
20.62
65.98
36.73
37.76
36.36
12.24
20.62
93
42.86
23.47
72.45
0
43.88
56.12
0
88.54
90.72
14.29
94.85
14.43
40.21
81.82
48.07
64.58
1.02
109.18
65.62
19.59
65.98
25.77
9.09
35.35
27.84
97.94
24.79
9.09
61.85
0
14.29
34.69
47.47
32.98
69.7
67
58
70
32
0.99
0
0
0
2
0
0
35.35
27.27
29.29
10.1
127
53
0
0
4
0
0
0
31
35.35
27.55
95.96
92
0
4
0
0
0
0
4.08
50.51
9.09
76.77
104
4.04
0
0
0
0
4.04
0
27.55
27.27
27
120
46.46
0
0
0
3
1
0
29
27.27
22
93.94
77.78
0
0
3.03
0
0
27.84
26.73
3.96
32.65
18
60
111.11
6
0
0
0
0
2.02
28.28
53
0
41.41
106.93
41.41
0
0
0
2
1.01
0
26
0
105
88.89
0
0
0
2.02
1.01
18.18
11.11
0
27.72
69.39
120.2
0
0
0
4.04
0
0
0
28.71
58.59
83.67
32
71
0
4.04
0
0
0
0
33.67
26.26
61
124.24
0
4
0
0
0
0
3
2.04
25
123.76
61
4
0
0
0
0
3.03
27.08
27
26.26
17.17
134
39.39
0
0
0
4.04
0
0
31.96
27.27
28
115
47.96
0
0
4
0
0
0
0
34.69
41
115.15
32.32
0
4
0
0
0
0
37.11
26.26
45.45
56
85.86
4.04
0
0
0
0
4.12
26.26
52.53
16
102
74.49
0
15.53
81
0
4.04
0
0
0
0
4
0
0
0
0
2.02
0
0
0
0
3.03
1.01
0
0
0
2.08
0
0
0
2.04
4.04
0
0
0
8
0
4.04
0
0
0
0
3.03
0
0
0
0
2.02
0
0
0
0
1.02
1.01
0
0
0
1.01
1
0
0
0
2.97
0
0
2
0
6.06
0
0
7
0
2
1.02
0
0
0
2.04
0
0
0
0
2.02
0
0
0
0
1.98
0
0
0
0
0
2.02
0
0
0
0
2
0
3.03
0
0
9.09
14
10.1
21.78
17.82
19.19
3.03
6.86
0
0
0
5
61.62
50
50
53.61
68.04
139.18
61.44
139.58
0
107.29
77.2
96.94
48.48
43.16
95.75
127.37
27.84
10.2
82.65
57.89
63.74
63.25
34.74
0
50.51
109.47
35.71
73.2
43.3
87.5
44.33
41.84
43.75
43.3
41.67
23.47
0
55.02
137
23.23
36.08
0
97.96
91.75
56.84
41.49
74.75
51
1.01
0
0
0
0
14.14
33.33
35
0
28.87
95
53
17.35
0
0
2.94
29.59
27.27
16
12.24
130.69
52
7
0
0
4.08
0
1.94
0
29
13
70
108
0
0
3
0
0
27.27
24.51
4.04
31.68
0
17.82
171
4.08
0
0
0
0
4.08
27.55
25.74
26
9
137
49
0
0
0
4.04
0
28.28
0
27.27
31
76
113.13
0
0
3.03
0
0
0
1.98
56
31.37
0
100.99
87
3.03
1.01
0
0
0
3
26
24.75
9.09
54.46
128
1
0
0
0
4.08
0
27.55
26.53
0
44
76
72.73
0
0
3
1.01
0
27.27
27
27
2.02
36.36
75
74
0
6
0
0
0
0
39.39
17.17
4
167
0
4.04
0
0
0
0
3.96
55.1
0
34.34
95
86
0
0
0
0
3.03
0
0
53.54
32.65
71
85.86
0
0
0
3.03
0
0
26.26
26.53
49.49
139.39
0
0
0
4.04
0
0
0
0
34.34
61.39
78.79
48.98
0
4
0
0
0
0
31.31
37.62
110.1
69.7
0
3.96
0
0
0
0
29.29
27.27
25.25
104.04
83
4
56.57
0
2
1.02
0
0
0
0
2.04
0
0
0
0
2.02
0
0
0
0
4
0
0
0
0
0
2
0
0
2.04
0
4
0
0
8.08
0
3
0
0
0
0
2.04
0
0
0
0
1.98
0
0
0
0
1.98
0
0
0
0
0
2.02
0
0
0
0
2
0
2.02
0
0
3.96
0
5.1
0
0
6.12
0
0
0
0
0
4
0
0
0
0
1.98
0
0
0
0
2.02
0
0
0
0
2.02
0
0
0
0
1.98
3
0
0
3.03
6.93
27.27
10
0
0
0
0
11
19.59
65.31
64.65
100
51.8
79.59
0
101
57.14
56.7
32
143.88
0
46.94
33.33
0
3.03
54
89.8
20.41
41.84
63.27
50
103.12
0
10.31
53.06
0
84.85
108
16.33
41.23
50.94
18.37
177.55
0
98.97
48.48
84.04
54.07
32
48.96
33.67
68.42
115
45.43
91.22
90.62
85.86
19
31.1
29.29
53.45
0
0.99
0
0
0
5.05
0
36
26.26
0
13
27
79
72
0
4.04
0
0
0
27.55
36.36
26.26
17.82
128.28
44
3
1
0
0
0
4
27.55
25.74
57.58
125.74
6
0
0
0
0
3.96
18.37
37.76
26
67.68
76
47.96
0
0
0
4
0
29.59
25.25
26.26
67
124.24
1
0
0
2
1
0
0
52.53
28.28
28.28
75
87
0
0
4.08
0
0
0
52
33.67
0
90
97
0
5
0
0
0
5
29.29
27.55
34
99
79.59
3.96
0
0
0
0
4.04
28.28
26
69.7
117.17
4.04
0
0
0
0
4
2.06
54.08
26.47
45.92
74
68.69
0
0
0
3.06
1.01
26.53
27.55
26.26
36
72.77
0
0
5.94
0
0
0
28.28
27.72
17
137.37
33.67
0
3
1
0
0
27.72
28.28
32.65
0
122.77
63.64
0
4
0
0
0
0
22.45
8.08
44
86
85.71
3.96
0
0
0
0
3.09
27.27
36.73
58.16
61.62
89
0
0
0
0
6.06
0
29.29
25.25
61
128
0.99
0
0
0
4.04
0
0
26.26
163
1
4.08
0
0
0
0
0
4.04
0
0
0
0
3.03
0
0
0
0
2.02
0
0
0
0
2.02
0
0
0
0
2.02
0
0
0
0
2
3.03
0
0
0
6.06
1.01
0
0
0
0
3.06
0
0
0
0
1.98
0
0
0
0
2.02
0
0
0
0
0
2.02
0
0
0
0
3
0
0
0
0
9.18
0
0
0
0
2.02
0
0
0
0
4.08
0
0
0
0
2
0
0
0
0
1.98
1.01
0
0
7.92
9.9
0
0
0
0
4
0.99
61.62
67.01
71.72
60.82
87.5
118
70.7
60
43.5
54.08
53.33
16.67
71.88
58.5
68.04
1
0
122.68
66.56
82.29
101.02
60.98
50.52
16.49
50.52
70
103.16
0
114
0
154.08
45.67
19.39
0
92.93
63.92
35.42
14.43
65.98
71.13
23.23
59.6
48.98
26.8
16.49
166.67
47.47
25.25
105
25
79.8
27
0
0
0
2.04
1.01
44.44
0
69.7
88.89
34.34
0
0
0
3.06
1
0
55
26
26
156
9
0
0
0
3.96
0
26.73
25.49
26.73
21
98.99
71.72
0
0
3.03
1
0
0
0
29.29
32.32
62
128.57
0
3.96
0
0
0
0
31.31
31.31
25.74
123.23
66.67
4
0
0
0
0
3.03
0
51
18.18
171
4
0
0
0
0
3.03
1.01
0
26.47
26.53
167.68
0.99
0
0
0
3
1
27.27
0
53.06
12.12
110
66.67
0
0
4
0
0
0
18.18
47.47
24.24
68
94.9
0
4.04
0
0
0
0
3.03
28.57
97.96
92.93
0
4
0
0
26.53
0
26.73
33
0
24.75
98.99
68.32
0
0
0
0
29
0
32.32
27.55
0
102
86.14
1.02
0
0
0
4.04
27.27
27.27
27
0
11.88
130
50
0
0
6.12
0
0
30.61
26.21
3.03
83.67
107
0
0
4.08
0
0
0
0
28
27.55
66.67
119.19
0
4
0
0
0
0
3.06
49.02
25
101.98
59
3.96
0
0
0
0
2.97
0
27.27
26.26
142.42
41
10.1
0
16.16
83.84
3
0
0
0
0
0
3.03
0
0
0
0
2.04
0
0
0
0
2.02
0
0
0
0
2.02
0
0
2.02
0
2.97
1
0
7
0
3.03
0
0
0
0
3.03
0
0
0
0
2.02
0
0
0
0
2
0
0
0
0
0
4
0
0
0
0
1.96
3
78
3.03
6.06
0
0
0
0
3.96
0
0
0
0
0
3
13.27
6
0
0
0
0
3
1.01
0
0
0
0
3.03
14
6
6.06
0
0
0
0
4.04
0
0
0
0
0
2
15.15
6.06
9
0.99
0
0
19
22
16
24
26
28.71
0
0
42.42
11
8.91
4.95
7.14
36.73
83.33
70.83
72.92
73.68
49.51
89.9
55.56
104.08
49.48
115.62
67.68
86.51
80.61
71.72
64
57.43
49
159.6
136
63
27.27
128.76
31.63
58.16
57.14
33.42
46.46
59.6
118
13.4
60.04
16.33
109.28
16
58.22
0
97
57.14
73.47
2.04
7.07
34.19
67.68
36.36
64.54
16.16
32.67
0
0
0
0
6
27.72
27.27
36
16
3
29.7
91
87
7.07
54.46
1.01
0
0
0
28.28
13.86
16
26
51.52
33.66
19
66.67
2.02
44
11.88
0
0
0
0
30.69
27.27
26
27
24.75
13.13
9
55
127.27
6
16.16
13
49.49
0
0
0
0
28
28
27
25
11
20
17
81
61.62
0
55.45
2.04
50
6.12
0
0
0
0
4
52
27
0
52.48
3.03
18
111
82
2
36
15.84
0
0
0
0
29.7
104.04
13.86
68
0
4
0
0
81.19
42.65
8.16
42.42
19.19
0
0
0
0
30
30.3
0
27
12
22
29
168
15
1
51.52
13
5.1
0
0
0
27
35
154.55
0
0
0
3.96
0
2
9
113.13
23.47
16
42
0
0
0
0
27
3
27
26.26
26.73
26
54.55
133.66
19
9.09
7.14
41.41
4.95
0
0
0
0
29
1.01
113.73
30
41.41
3
0.99
18.18
99
16.67
6.06
52
15.84
0
0
0
0
28
