5.43
0
0
0
0
0
2
0
0
0
0
26.26
164.1
89.04
71.11
193.55
124.71
137
116.22
194.38
212.94
112.2
119.79
129.72
42.71
89.8
16.16
82
88.89
120.65
101.03
61.46
71.88
4.04
30.3
27
48
20.62
33.11
75
84.38
16.49
50
46.46
50
0
72.45
54.17
77.08
112.05
97.96
78.57
0
82.47
36.24
21.78
115.62
59.51
49.48
46.82
3.06
53.54
63
13.27
120.2
55.56
14.43
0
52.53
86.87
71.72
84.4
83.66
0
103.09
13.4
16.49
125.51
16
101.05
78.95
50
46.88
46.94
58.33
70.1
0
0
113.27
3.09
0
61.62
70.71
43.61
83.33
97.98
70.41
56.25
101
46.88
1.01
0
128
120.83
89.8
39.58
89.47
83.51
0
105.21
48.77
48.74
48.98
33.68
115.31
24.29
78.93
42.71
0
0
121
57.73
4.08
130.61
46.24
133.68
11.11
71.43
126
34.69
58.17
22.68
43.65
63.54
67.35
82.83
46.88
18.56
1.03
129.29
40.54
0
48.98
79
84.69
52.9
101.04
21.21
138.78
48.58
26
0
35
0
0
4.04
0
0
0
0
4.04
1
0
0
0
3.03
0.99
0
0
0
2
37.62
0
79.8
104.95
4.04
0
0
0
0
2.02
0
0
37.37
84.69
100.99
4.08
0
0
0
3
2.02
33.67
35.35
0
0
119
72.45
0
0
0
3
0
36
0
35.71
2.97
1
50
97
40.4
6.19
0
0
0
2
39.39
1
0
129.29
59.18
4
0
0
0
36.36
4
36
0
35.35
0
65
122
0
0
0
0
4.04
35.35
0
35.71
36.63
1.01
29
111
45.92
4.04
0
0
0
0
6
33.33
37.76
0
18.18
153
17
0
0
0
4.08
0
37
35.35
0
38
1.01
0
67
120.2
3.06
1.01
0
0
35
0
39
0
0
16.83
34
110.89
27.27
0
0
0
3.03
2
34
0
34.65
96.94
76
17.17
0
0
5.05
0
0
2.02
40
4.04
83.84
103
0
0
5.05
0
0
0
36.36
4.04
34
0
18
116.16
56
0
0
0
0
3.96
1
36.73
35.35
0
10
88
92
0
0
0
6.06
0
0
0
0
41
0
0
95.96
90.82
3.96
0
0
0
0
0
5.05
36
0
129.29
56.12
3.96
0
0
0
0
6.06
36
35.35
0
149
36.36
0
0
0
0
3.03
0
35
0
33.66
20.2
32
134.34
0
0
4.12
0
0
0
0
37.37
0
168
16
0
6.06
0
0
0
0
3
0
37
0
35.35
5
0
16
170
0
4.95
0
0
0
0
3.03
2.04
35.35
0
113.13
45.45
33
0
0
0
6.06
0
0
0
32.32
4.08
16.83
169.7
0
0
4.08
0
0
0
0
3.88
26.53
27.27
18
98.99
37
37
0
0
0
4.04
0
0
0
28.28
37
0
26.26
0
26.53
4
26
159
0
0
4
0
0
0
0
2.97
28.57
8
139.39
37.37
3.96
0
0
0
0
4.04
0
0
25.74
0
79
110
0
0
0
4.08
0
0
0
0
32.65
33.67
137.37
16.83
0
4
0
0
0
0
2.97
0
29.29
25.74
25.74
27.27
3
0
68.69
120.2
4.04
0
0
0
0
0
29.59
0
26
9.18
110
70
0
0
0
0
3.03
0
0
0
2.02
29.29
30.3
0
27.27
36.36
116.16
39.39
0
0
0
4.95
0
0
0
28
4
69
115.84
0
0
4.08
0
0
0
0
28.71
0
36
135
16
4.08
0
0
0
0
3.03
0
27
8
111
69
0
0
0
0
3.03
0
0
1.98
32.32
112
77
0
0
0
2.97
1.02
0
0
0
6.06
36.36
35
34
0
16
22
1
0
17.17
112
60.61
0
0
0
0
4
0
35.35
0
0
4
51.52
135
0
0
4.04
0
0
0
0
20
17.82
29.7
34
119
3.96
0
0
0
0
3.03
0
36.63
0
16.16
171.29
0
0
0
0
2.02
0
0
36.73
0
0
58.39
0
0
3
0
0
0
34.31
4.08
49
102.97
32.32
0
0
3.96
0
0
0
2.02
0
35
0
35.35
3.06
39
0
123.23
66.33
6
0
0
0
0
0
2.97
2
35
0
148
42.42
0
0
0
0
4
0
0
35
0
0
85.91
0
0
0
4.08
0
0
0
27.27
4
51.52
135.35
0
0
4.04
0
0
0
0
29.59
0
44.44
145.45
0
4.08
0
0
0
0
4.04
0
0
28.28
27
4.04
26.73
15.84
11
8
48
98
33
0
0
4
0
0
0
26
30
63.37
95.96
0
0
4.04
0
0
0
0
31.63
24.75
87.88
71.57
0
3
1.01
0
0
0
3.03
0
26
79.8
108.08
4
0
0
0
0
5.94
0
0
28.28
0
96.97
45.85
0
0
72
0
3.09
0
0
0
0
1
1
0
0
0
1.01
1.01
0
0
0
1.02
1.01
0
0
0
1.02
1.01
0
1.98
0
3.03
1.01
0
4.08
0
3
1.01
0
0
0
1.01
1.01
0
0
0
2
1
0
0
0
0
4.12
0
0
0
0
0
1.98
0
0
0
1
1
2
0
0
3.03
1.01
0
0
0
3
1.01
0
0
0
2.06
1.01
4.04
0
0
2.02
1.01
0
0
0
1.02
1
0
0
0
1.01
1.01
0
0
0
0
4.04
2
0
0
0
3.03
1.01
0
0
0
0
3
0
0
0
3.09
10.89
0
0
0
1.02
1
0
0
0
0
2
0
0
0
0
1.02
1
0
0
0
2.02
3.03
0
0
0
3
1.01
0
0
0
0
3.03
0
0
0
0
3
1
0
0
0
1.01
1.01
0
0
5
1.02
0.99
0
0
0
1.01
1
0
0
2
3.03
1
0
0
0
3.06
1.02
0
0
0
3.03
1.01
0
0
0
1.02
1.01
0
0
0
0
4.04
0
0
0
0
3.06
0
0
0
0
1.01
1
0
4.08
0
3.03
1.01
0
0
0
2.02
1
0
0
0
1
1.02
0
0
0
1
1
0
0
0
1.02
0.99
0
0
0
1.02
1
0
0
0
0
2.02
0
2
0
0
3
1.01
0
0
0
4.04
1.01
0
0
0
2.02
1.01
0
0
0
1
1.01
0
0
0
1
1
0
0
0
1.01
0.99
1
0
0
2
1
4.04
0
0
0
4
0
0
0
0
2
1.01
0
0
0
2
1
0
0
0
3.09
0.99
0
0
0
1.01
2.02
0
0
0
1.98
1.02
0
0
0
2.02
4.95
0
0
0
0
3
0
0
0
2.02
1.01
0
0
0
0.99
1
0
0
0
1
2
0
0
0
2
1.01
0
0
0
2.02
1
0
0
0
1.01
3.03
0
0
0
4.04
1.01
0
0
0
1
0.99
0
0
0
1
1
0
0
0
0
2.94
0
0
0
0
0
3.03
0
0
0
2.02
1
0
0
0
6.06
1.01
0
0
0
2.02
1
0
0
0
1
1.02
0
0
0
3
0.99
1.02
0
0
3.03
11
14
13.13
9
5
6.06
18
10.1
15
13.86
19.19
14.14
13
11
8
5
12.87
18
10.89
12.12
13.86
15.15
11
10.89
2.02
0
0
0
2
1
0
9
1.02
133.33
104.12
64.95
138.14
165.26
76.86
182.29
153.12
94.47
179.38
51.55
147.47
119.19
16.49
16.16
65.66
55.1
32.99
43.75
87.88
18.18
64
86.32
11.34
144.44
106.25
49.71
52
102.11
102.11
39
77.89
33.33
20.62
58.16
53.54
15.31
101.64
138.95
16.49
62.24
47.47
75.53
98.97
2.97
71.29
41.41
0
53.06
19.59
42.71
82.83
108.42
27.84
71.43
97.94
37.5
32.99
15.31
53
98.95
78.28
70.41
31
0
126
34.02
3.88
145.45
3.12
81.23
33.33
15.46
16.49
127.27
57.8
50.52
30
73.47
28.12
84.54
27.27
100
0
103.09
42.71
85.64
52.58
57
38.4
16.33
0
115.15
61.21
68.75
65.62
53.12
35.42
127.08
54.74
16.33
47
50.52
44.79
0
119.79
108.33
105.32
0
1.01
130.61
5.15
34.02
130.28
42.42
63.54
61.52
16.67
16.33
97
67.87
28.57
3.06
114.14
51.55
50.51
100
16.33
118.37
102.04
1.03
73.2
30.3
46.46
93
8.16
43.75
40.21
124.24
66.75
131.25
86
67.01
37.76
5.05
112.24
25.77
46.94
72.92
105
6
126
44.44
1
0
0
0
0
2.02
0
0
0
0
2.02
0
0
0
0
47.52
0
81.19
102.02
0
4
0
0
0
0
3.96
0.99
2
37.76
0
39.39
0
37
0
133.33
58
0
0
0
0
4.08
0
0
35.35
0
17.17
68.55
0
0
4
0
0
0
37
3.96
97.98
88
0
0
3.03
1
0
0
0
3.03
35
0
35.35
0
17.62
0
84.85
99.01
6.06
0
0
0
0
2.97
0
0
37
0
4.04
127
59.6
0
0
5.1
0
0
0
0
2.04
39.6
0
35
18.81
19
1.01
61.62
49
76.77
4
0
0
0
0
4.04
0
37.37
0
0
68.69
121
1
0
0
5
0
0
0
18
19.8
1
48.48
110.89
32.65
3
1
0
0
0
2.02
0
35.71
0
0
21
62
106.06
0
0
1.98
0.99
0
0
35.35
3
37.37
0
0
186.87
3.03
1.01
0
0
0
4.08
0
35.71
0
84.85
103.03
4.04
0
0
0
0
6.06
0
0
37.37
0
4
33
154.55
0
0
4
0
0
0
3.03
0.99
35.35
0
0
125
64.65
0
0
0
0
3.96
0
37
0
0
95.96
93.94
1
0
0
3
0
0
0
0
36.63
1.01
125.74
57.58
0
0
6
0
0
0
0
2.02
0
37.76
34
0
4.04
34.69
16
52.53
119.19
3.96
0
0
0
0
3.92
0
0
0
36.63
16.16
21.36
37
0
121
63.37
3
1.01
0
0
0
3.03
0
0
37
0
17
77.68
0
0
4
1
0
0
37
0
4
0
160.61
25
0
4.04
0
0
0
0
2.02
34.34
0
81.63
105.05
3.92
0
0
0
0
3
0
35.35
0
96
93
0
0
0
0
3.09
0
35.71
33.66
0
105.05
85
0
0
0
4.04
1
0
2.04
57.14
16.16
66.67
124.24
0
0
0
0
4.04
0
39.39
33.66
16.16
22.22
52
46
35
52.53
4
0
0
0
0
38.78
35
0
167.68
16
4
0
0
0
0
39.39
34
0
80
58
48
0.99
0
0
0
6
0
36
35.71
16.16
51
60.4
0
0
4
0
0
0
36.63
21.21
160.61
9.9
0
0
3
0
0
0
0
3.06
0
36.36
0
81.82
96
30.3
1.01
39.39
8
0
0
0
0
2.97
0
1
33.66
0
40.59
0
69.7
110
24
9.9
39
11.11
0
0
0
0
4
34
35
27
26.73
29.29
0
25
49.33
54.08
13
8
0
0
0
17
12.87
30
27.27
0
27
47
47.06
0
48
0
0
0
0
5
1
29
27
26
28
10
149
47.52
0
29
4.04
0
0
0
3.03
26.73
27
26
24
26.26
80.2
60
48
11
12
5
52.53
0.99
0
0
0
4
0
0
26.26
51.49
27
9.9
29.29
81.82
77
24.49
0
40.4
4
17
0
0
0
0
28.28
27
25.74
26
26
4
108.08
91
10.1
9.9
37
9.09
4.04
0
0
0
0
4
0
26
0
27
13
33.66
2
82.76
0
40.4
8.82
0
0
0
0
6.06
0
1.98
25.74
27.27
4
18
20
92.08
70.71
12.87
0
46
14.14
0
0
0
0
3.03
1
0
27.27
26.26
50
90
30.3
36
12
30.61
11
1.01
0
0
0
0
3.96
27.27
0
26.73
16.16
15
17.82
19
65.95
0
47
0
0
0
0
3.96
0
0
0
37
20.2
0
0
140.4
64.65
14.85
1
47.47
0
0
0
0
0
4.04
0
35.35
18.81
18
34
117
46.46
13.86
7.07
33.33
5.05
0
0
0
0
4
27.27
0
29
27
3
50
136
18
12.87
36
7
4.95
0
0
0
0
3
27.27
25.74
0
27
3
10
15.84
137
40.4
19.8
