1.55
0
0
2.02
0
0
0
0
1.98
0
0
0
0
2.02
0
0
0
0
10.1
51.06
66.67
75.53
76.6
37.76
52.98
118.95
8.7
84.04
59.29
111.11
59.6
25
108.51
41.05
40.21
88.54
2.06
93
46.88
83.51
54.66
140.43
46.94
30.3
80
64.2
74.74
52.58
86.87
85.86
5.15
5.15
127.72
44.79
69.37
43.34
61.5
101.04
16.49
84.38
74.23
32.65
66.67
64.06
81.05
16.84
75.76
64.65
66.34
77.08
55.21
67.35
71.43
45
103.19
57.25
50
57
90.43
47.92
55.21
58.33
37.5
7.29
129.29
64.39
2.08
82.47
81.82
85.42
37.11
42.86
70.71
68.75
66.67
49.48
23.23
115.46
42.86
65.98
18.18
39.8
114.58
23.96
24
112.5
16.67
84.54
27
80
65.58
100
51.58
84
61.62
67.01
73.33
57.14
16.67
119.19
98.97
55.33
120.43
44.21
56.12
79.21
77.08
50
87.19
86.46
14.58
97
86.02
5.15
95.92
68.71
32.99
76.53
101.03
40.21
104.26
47.96
130.61
54.4
122.45
109.28
84.42
0
0
0
0
2.97
0
14.14
42
0
28
102
55.56
0
0
4.04
0
0
0
0
46.53
0
9.09
88
50
41
0
0
0
0
3.96
0
0
45.54
0
4.04
46.53
0
0
132
54.55
0
0
0
0
3
0
0
43
0
4.04
22.22
126.26
35
0
4
0
0
0
0
4
43
0
0
86.14
97
1.01
0
0
0
4.08
0
0
1.96
41.41
4
9
140.4
34
0
6.12
0
0
0
0
3
29.7
15.84
0
120
66
0
0
0
0
3
0
0
37.37
16.83
111.11
61.22
0
0
0
4
0
0
0
35.71
4.04
50.51
131
0
0
4.04
0
0
0
0
3.03
1.01
36.36
18.81
16.16
38.38
0
41.41
17.35
133.66
33.33
0
0
0
0
3.03
1
0
0
34.34
4
39.39
34
0
34.34
0
67.15
0
0
1
1.01
0
0
0
35.71
1.98
48
135
0
0
4
0
0
0
0
4.04
37.37
0
101.01
83.84
4
0
0
0
0
3.96
0
2
33.33
0
78
51.92
0
0
4.04
0
0
0
2
37.76
1
127
55.56
0
4.08
0
0
0
0
4.08
33.66
0
17.17
152.53
19
0
0
0
0
6
0
0
35.35
1.98
30
115
41
0
0
0
3
0
0
0
35.64
4.04
0
182
0
0
3.96
0
0
0
0
3
33.66
0
50.5
87.13
47.47
0
0
0
0
4.04
0
0
34
0
100
86
0
0
0
4.04
0
0
0
0
38.61
0
28.71
152
0
3.96
0
0
0
0
3
0
40
0
0
130
55.56
0
0
0
1.96
1.02
0
0
27
0
75.81
0
0
0
3
0
0
0
27
11
109
66.34
0
0
3.03
0
0
0
0
2
27
17.82
61.62
105.05
6.06
0
0
0
0
3.96
0
0
28
41.41
96
49.5
0
0
0
4.04
0
0
0
0
28.71
30.3
0
26
26.26
17.17
128.28
41
0
0
0
4
0
0
0
0
29.7
11.11
16
27.27
27
22.22
53
113.13
0
0
5.15
0
0
0
0
5.1
0
28
27.27
25.74
3
30.3
17.17
136
28
3.96
0
0
0
0
1.98
0
0
26.26
43
118
24
0
0
0
3
0
0
0
10.1
19.8
95
87
0
0
4.08
0
0
0
0
3.03
27.27
8
61
115.15
4
0
0
0
0
3.06
0
0
29
0
77.23
109
0
0
0
3.96
0
0
0
30
27.45
66
118
0
0
4.04
0
28
27
0
31.31
31
54
129.29
0
4.04
0
0
26.26
26.73
29.59
1
29.7
45.54
136.36
3.96
0
0
0
10.1
21.21
28.28
29
0
37
150
1.01
0
0
0
33.33
27
26.26
26
9
122
56.57
0
0
0
26.73
3
26.73
26
10.89
15.84
78.79
107.92
0
0
0
4.04
28
27.27
27.27
27
4.04
128.28
52.48
0
0
4.04
0
26
26.73
27.55
4
31
79.8
104
0
6.06
0
0
29.29
27.27
33.33
0
27.27
78
106
4
0
0
0
0
6.06
34
0
26.73
9.18
87
92
0
0
0
4.04
0
0
26.73
27
3.03
10.1
135.35
41.18
0
4.04
0
0
0
0
30
0
31
27.27
116
44.44
0
0
0
0
6.06
0
28.57
0
27.27
18.18
81.25
0
0
0
3.96
0
2
24
27
3.96
70.71
112
0
0
4
0
0
0
27
4
30.3
16
101
65.66
4.04
0
0
0
0
2
18.18
8
0
69.7
120.2
0
0
0
0
5.05
0
27.27
1
27.55
4.04
60.4
123.23
17
3
0
0
0
0
0
3
0
0
0
0
2.02
0
0
0
0
2.02
0
0
0
0
1.98
0
0
0
0
2.02
5
0
0
0
4.04
0
0
0
0
2.02
0
0
0
0
4.08
0
0
0
0
2.02
0
0
0
0
2
0
0
0
0
2
0
0
0
0
2.02
4.04
0
0
0
4.08
0
0
0
0
4.04
0
0
0
0
3
0
0
0
0
2.02
0
0
0
0
4.04
0
0
0
0
1.98
0
0
0
0
2.02
5.05
0
0
0
4.04
0
0
0
0
4
0
0
0
0
2.02
0
0
0
0
2
0
0
0
0
2.02
0
0
0
0
2.02
0
0
0
0
2.02
2.02
0
0
0
4
0
0
0
0
5
0
0
0
0
3
0
0
0
0
2.04
0
0
0
0
2.02
0
0
0
0
2
0
1.01
0
0
3.06
0
4
0
0
4.04
0
0
0
0
3.03
0
0
0
0
2
0
0
0
0
1.98
0
0
0
0
4.04
0
0
0
0
2.02
0
1
0
0
3
0
4.04
0
0
3.03
0
0
0
0
3
0
0
0
0
0
3.03
0
0
0
0
2.02
0
0
0
0
1.98
0
0
0
0
4
1.01
0
0
0
3.03
5.05
0
0
0
4
0
0
0
0
4.08
0
0
0
0
2.02
0
0
0
0
2.02
0
0
0
0
2
0.99
0
0
0
2.02
1.01
0
0
0
3.03
4.04
0
0
0
4.04
0
0
0
0
2.02
0
0
0
0
4.04
0
0
0
0
2.02
0
0
0
0
2
0
0
0
0
2.02
1
0
0
0
3
4.08
0
0
0
4
0
0
0
0
3.03
0
0
0
0
2
0
0
0
0
2.02
0
0
0
0
2.04
0
0
0
0
2.04
1.02
0
0
0
5.1
4
0
0
0
3.03
0
0
0
0
2
0
0
0
0
2.02
0
0
0
0
1.98
0
0
0
0
0
2.02
0
0
0
0
4.04
0
0
0
0
8.08
0
0
0
0
0
5.05
0
0
0
0
3.03
0
0
0
0
2
0
1
0
0
23
23.47
18
21
9.9
15
19.19
21
11
17
18.81
11.88
12
13
24
18
15
15
20
13.86
16.16
18.18
20.79
15.15
7
17
13
3.06
0
0
0
0
5
0
26
84.92
82.83
83
0
0
60
0
3.96
0
0
0
0
2.97
0
0
12.12
101.05
105.05
92.55
148.96
85.42
76
190.62
76.29
180.21
119.59
131.96
161.94
57.73
140
39.18
135.42
67.68
63.92
46.94
56.75
94.74
46.88
66
39.18
95.79
46.81
58.24
14.43
64.65
70.37
32.63
88.54
62.85
35
77.78
54.5
97.89
25.77
73.2
46.38
127.27
15
90.91
51.97
104.17
61.38
31.25
90.62
44
70
55.21
8.33
121
86.73
16.67
32.29
135.35
64.58
74.74
28.12
83.67
104.35
28.12
36.08
110.64
26.04
77.55
60.42
67
68.75
61.05
8.25
93
78.12
53.61
58.33
71.76
70.1
47.52
84.21
67.12
25.77
69.07
45
70.53
48.96
47.37
22.22
110
54.84
34.02
77
36.73
63.92
46.88
73.96
70.53
51.55
58.33
19.39
98
47.47
57.97
24.24
104.3
39.77
56.2
98.98
50.35
115.46
10.2
82.65
36.6
70.83
57.09
58.14
0
0
0
0
2.02
1
0
0
0
0.99
1
0
0
0
1
1
54.55
0
0
0
82.51
0
0
4
0
0
2.02
33
36.36
1
65.35
119.19
0
4.04
0
0
0
0
3.96
38
0
84.85
100
3.96
0
0
0
0
2.94
18.18
20.2
35.35
17
105
66.67
0
0
0
0
3
0
0
37
0
122
65.66
0
0
0
3.03
0
0
0
35
4.04
68
116
0
0
4.04
0
0
0
0
38
0
112
73.47
0
4
0
0
0
0
4.95
37
0
79.21
104.04
4.04
0
0
0
0
3.06
0
37.76
16.49
55.56
117
0
0
0
0
2
0
0
35
0
49.5
137.37
1.01
0
0
3.03
0
0
0
34
36.36
1.01
49.49
134.34
0
3.03
0.99
0
0
0
5.1
3
35
51
131.31
3
0.99
0
0
0
0
4.04
35
0
48
117
21
0
0
0
0
4.04
0
1.98
33.66
0
95
92.08
0
0
0
3.03
0
0
0
19
19.61
32.65
150.51
0
0
4.04
0
0
0
0
38.38
0
44.44
139
0
5.05
0
0
0
0
6
0
37.37
0
97.98
89.9
0
0
0
0
4
0
0
33.66
16
81.19
88.89
0
0
0
0
4
0
0
2.02
35.35
21.21
84
82.83
0
0
4.04
0
0
0
1.98
35
0
16.16
168.69
0
4.04
0
0
0
0
5.1
1.98
34.65
0
97.98
89
0.99
0
0
0
4
0
0
0
34.34
4
29
110
45
0
3.96
0
0
0
0
3
1.98
33.67
0
128.28
59.6
0
0
0
0
3
0
0
28.28
9
70.71
110
0
0
0
3
0
0
0
2
30
55
86
42.42
0
4.04
0
0
0
0
3.03
26
27
0
26.73
29.59
0
8.91
103.03
71.29
4.04
0
0
0
0
2
32.32
0
27
0
20.2
167.68
0
0
0
0
4.04
0
0
26.26
0
3.96
52.53
130
0
0
5.05
0
0
0
0
5.94
28
0
34
69.27
8.08
1
36
0
0
0
0
4
0
0
0
26
12
17
41
95
64
28.28
22.22
0
0
0
0
4
0
0
0
26.26
30
44.55
121
39.39
32
13.86
0
0
0
0
4.04
0
0
0
28
14
97
103
0
44
0.99
0
0
0
4
0
0
0
11
20
38.38
146
26.73
15.15
34.34
0
0
0
0
4
0
0
0
26
17
92.65
0
46.53
0
0
0
0
4
0
0
0
26.26
11.88
103
95
12
38
8
0
0
0
0
4
0
0
25.74
0
29
25
132.32
53
0
53
0
0
0
0
3.03
0.99
0
0
0
30
53
68
79.8
13
43.43
2.02
0
0
0
3
1
0
0
10
19.19
9.9
77
118.18
0
47.47
0
0
0
0
6
0
0
0
27.72
4.04
31
113.86
59
0
46
0
0
0
0
4
0
0
34
0
2.97
59.41
146.46
8.08
38.61
0
0
0
0
4
0
0
19
16.16
35.64
0
0
12
94.17
14.71
35
0
0
0
0
4
0
0
37
0
38
0
0
74.65
1.01
40
1
0
0
0
3
1
0
27
27
26.73
33
47.47
60.4
66.67
1
57.58
7.07
0
0
0
27.27
37.62
92
58
0
0
4
0
34.34
69.06
6
53
18.81
0
0
0
16
42
0
16.16
24
42
36.63
124
59
11
10.89
48.98
8
0
0
0
0
29
30
0
26
43.43
22
105
95
6
34
0
0
0
0
29
27.27
27
27
26.73
11.11
19.8
105
97
0
60
0
0
0
0
4
27
43
36
11.88
22
88
108.91
27.27
9.8
0
0
0
0
3.96
0
0
0
0
0
3.96
14
6
6.06
0
0
0
0
4
0
0
0
0
0
4
13
0
6.06
0
0
0
0
4
0
0
0
0
0
3
11.11
9.09
0
