0.28
0
0
0
0
2
0
0
7
10
41.04
16.16
66.67
89
0
16.16
86
52.53
13.27
24.24
54.64
46.94
31.96
109.38
69.47
0
0
24.49
51.11
83.15
138.3
0
95.79
82.47
54.55
0
119.39
0
81.44
17.53
67.37
0
50
107.69
33.33
88.5
92.86
0
79
41.79
27.17
77.78
1
56.59
91.75
0
109.28
63.27
63.92
52.53
69.07
98.97
79.4
136.08
88.75
174.23
0
72
122.22
0
8.91
66
0
2.97
1
0
0
0
2
52.58
45
0
0
109
81
0
0
0
0
3.06
43
0
42.42
0
19.8
144.55
23.47
0
0
4.04
0
0
43.43
0
51.52
25.25
160
0
0
4.04
0
0
0
47
3
50.51
41
71
73
4.04
0
0
0
0
3.06
44.33
43
0
24.75
53
80
33.67
0
0
3
0
0
12.24
31.68
25
75
90
0
0
3
0
0
0
43.43
4.12
47
0
0
32
90.91
68.69
0
0
0
0
2
43.43
0
43.56
0
123.23
68.32
0
0
0
6.06
0
0
3
43.88
46.46
0
18
4
122.22
47.47
0
0
0
0
4.08
0
42.57
0
42.86
3.96
41.41
27.72
84
31.68
4.04
0
0
2.02
41.41
2.97
49
0
0
78
108
4.04
0
0
0
44.9
1.98
1.01
0
49.49
0
48
143
0
0
0
3.03
0
45
0
27.55
19
0
74.75
112.12
0
3.03
0
0
0
43.14
4.04
0
16
25.25
147.47
4.04
0
0
0
0
45.45
0
0
43.43
0
64.65
101
25.25
0
0
20
148.48
19
2
0
0
0
0
2
0
0
0
0
4.04
0
0
0
0
2.04
0
0
0
0
2.02
0
2
0
0
4.08
0
7
0
0
4
0
0
0
0
3.96
0
0
0
0
3.06
0
0
0
0
2
0
0
0
0
4.04
0
0
0
0
2
0
2.04
0
0
4.04
0
6.06
0
0
4.04
0
0
0
0
0
2
0
0
0
0
2
0
0
0
0
0
2
0
0
0
0
3.96
0
0
0
0
5
0
0
1.01
0
17.17
0
19.19
3
12.12
19
23.23
15.15
22.77
28.28
32
33.33
33.66
33.33
33.33
0.99
0
0
0
0
2.97
0
0
12.12
83.33
0
17.35
76.77
32.32
49.71
71.13
17.53
86.73
57.76
0
67.71
106.08
17.53
79.8
0
64.65
54.92
44.6
84.38
111.34
40.21
100
37.83
78.79
0
75
37.37
73.47
80.41
0
96.91
53.06
0
62.89
70.06
0
94.9
50
7.92
64.58
80.41
17
81.25
57.58
49.27
53.61
58.33
121.43
81.36
0
0
0
0
0
18.18
32
34.31
0
35.71
20.41
33
61.62
74
0
4
0
0
18
17.35
20
18.18
50.51
104.04
32.32
3.96
0
0
0
7.07
36
0
40
16.49
111
1
17.17
46.46
0
0
4.95
0
0
37
15.84
73.74
102.02
0
0
0
4
0
0
42
0
4.08
154.55
32
0
0
2.02
0
35.35
0
35
3
1.01
0
160.61
28
2
1
0
0
35.35
3.03
38.38
0
32.32
155.56
4.9
0
0
0
0
5
0
35.71
0
83
106
1.01
0
0
0
4.95
42
0
0
34.65
3
34
89.9
64
0
3.96
0
0
0
37.76
3
1.01
64.65
119.8
0
3.06
0.99
0
0
35.71
16
21.21
0
44.55
140.59
0
2.97
1.01
0
0
0
4.04
0
36.73
16
132.32
45.54
0
0
0
0
4.08
36.73
0
35
0
14.14
118
58
0
0
4
0
2.02
33.66
0
38
40.4
0
138.38
47.47
3
1.01
0
0
0
4.08
1.96
33.33
35.35
109.09
67
14
0
0
0
0
2
1.01
36.63
34.34
0
141
48
0
0
0
3
1.01
35.92
35.79
0
62
126.26
19
3
0
0
0
0
0
3.03
0
0
0
0
2
0
0
0
0
2.02
0
0
0
0
2
0
0
0
0
1.98
2.04
0
0
0
6
8.08
0
0
0
0
2.02
0
0
0
0
2
0
0
0
0
0
2
0
0
0
0
1
1.01
0
0
0
0
2.06
0
0
2.04
0
3.03
1
0
5.1
0
3.06
0
0
0
0
3
0
0
0
0
3.06
0
0
0
0
4.12
0
0
0
0
2.02
0
0
0
0
3.06
0
0
4.95
18.18
22
19.19
14.14
11
39
40.4
28.28
0
0
0
8
22.45
50
44.44
22.68
101.03
42.71
60.49
129.17
42.86
5.1
0
131.96
4.04
0
112.37
52.04
104.17
36.46
1.01
108.08
50
32.99
102.06
16.49
116.67
13.54
156.57
70.55
54.32
16.49
69.08
78.53
89.9
33.33
124.21
16.33
139.39
54.77
34.04
30
65.98
50
54.08
57.29
105.15
42.86
60.82
61.62
80.19
0
0
0
3.06
49.49
0
15.84
19.59
19.19
0
144
28.71
0
4
0
0
35.71
0
39
0
0
101.01
87
4.04
0
0
0
0
2
2.02
33.33
0
97
96.97
0
0
0
0
39.39
0.99
0
0
41.58
3
61
129.29
0
0
4.08
0
0
18
17.17
36
1
44.44
144.44
0
4.08
0
0
0
0
39.39
38.78
0
50
96
45.45
0
0
0
0
2
35
34.65
19.19
16.16
2.97
49.49
103.96
33.33
0
4.04
0
2.02
34
34.65
4
1.01
65.66
78.22
43
6
0
0
0
0
37
1
0
39.8
42
150.51
1
0
0
0
3
1
35
0
0
17
61.62
114
0
0
0
4.04
0
0
18
24
37
0
141
44.44
0
4.08
0
0
0
18
21
1.01
39.8
100
86.87
4
0
0
0
0
2
1
36.73
0
187.88
3.03
1.01
0
0
0
4.04
35.35
0
35.35
34
32.67
76.77
81.82
0
0
4.12
0
0
0
19.39
19.19
84
79.8
23.23
0
3.06
1
0
0
37
34.34
3.03
50
136
0
0
4.08
0
0
0
0
39.39
41
80.81
89.9
3.96
0
0
0
0
0
4.04
0
0
0
0
2.04
0
0
0
0
0
2
0
0
0
0
2
0
0
0
0
2
0
0
0
0
6
0
0
0
0
4
0
0
0
0
3
0
0
0
0
0
5.05
0
0
0
0
2.02
0
0
0
0
2
0
0
0
1
3
0
0
0
8.08
4.08
0
0
0
0
4.08
0
0
0
0
3
0
0
0
0
2.02
0
0
0
0
2.02
0
0
0
0
0
5.15
0
0
5
14.85
14.14
13
0
6
0
12
19.39
83.51
79.38
57.29
49.48
31.28
69.79
78.12
88.54
0
92
10.1
57.6
5.15
50
123.71
73.2
9.09
30.2
107.22
33.49
42.86
16.33
62.24
75.26
21.65
51.02
111.7
145.26
49.49
79.38
2.02
42.79
76.29
30.59
52.53
12.87
2.02
81.25
109.38
64.58
82.83
0
82.11
8.16
44.38
63.92
42.27
82.29
1.03
53.06
32.99
0
58.59
35
21.65
77.78
85.71
110.31
48.45
47.42
55.67
107.07
32.97
52.48
124.75
0
0
0
0
6.12
30
0
26.26
0
3.03
27
162.63
0
0
4
0
0
27.84
26.26
29.9
16
33.66
52.53
119
2.97
1.01
0
0
0
36
1.01
40
16.33
114
58.59
3.88
0
0
0
0
38.38
0
34.34
0
102.02
90.91
0
0
0
0
38.61
36.73
0
0
37.37
84.85
41.57
0
2.02
0
0
36.36
0
37.37
16.83
172.73
0
0
3.03
1.03
0
35
35.35
3.03
0.99
40.4
0
47.47
142
1.01
0
0
0
2.02
36
0
35.35
0
145.54
45.36
0
0
0
4.08
1.01
2.02
36.36
35
17.17
144.44
29.59
0
0
0
3.03
0
36
0
35.35
20.2
98.99
72
0
0
3.03
0
35.71
0
0
44.9
63
122.22
0
0
3.92
0
0
35
0
27.27
16.16
163
22.45
0
3.96
0
0
0
19.19
21.43
0
40.4
34
152
3.03
1.01
0
0
0
4
0
39.39
35.35
51.02
77
64.65
1.02
0
0
2.97
0
35.64
0
0
115
74.75
0
0
0
1.98
1.02
35.35
0
33.66
48
141
1.02
0
0
0
117.17
0
4.04
0
0
0
0
3.03
1
0
0
0
1
1.02
0
0
0
1.02
1.01
0
0
0
1.01
1.01
2.02
0
0
3
1.01
8.08
0
0
2.02
1.01
0
0
0
0.99
1
0
0
0
0
2.02
0
0
0
0
1.01
1.01
0
0
0
1.01
1
0
0
0
3
3.06
0
0
0
3.03
1.02
0
0
0
0
13.27
0
0
0
0
2
1
0
0
0
1.01
0.99
0
0
0
1.02
1.01
0
0
0
1.01
1.01
0
0.99
0
3.96
6
13.13
21
32
34.65
28
27
5.1
0
0
8
5.05
18.18
81.63
87.76
32
65.98
56.73
40
55.1
70.11
30.61
140.21
46.22
32
31
67.68
87.88
2.04
18.75
115.15
32.32
12.24
52.58
61.86
45
38
88.42
31.63
89.8
87.63
70.83
29.17
26.26
106.19
55.81
101.03
115.79
81.05
0
138.14
32.03
51.55
116.33
51.04
87.76
52.53
148.98
4
135.35
68
0
0
0
0
2.04
58
0
0
43.43
0
74
115.15
0
0
0
2.97
0
43
0
0
44
30.3
159.18
0
0
6
0
0
2
44.55
3.03
46
0
34
91
65.66
0
0
0
0
3.96
0
43
0
96.97
93.94
0
0
0
0
4.04
1.96
46
16.16
26.53
54
132.67
0
0
0
3.92
0
0
0
45.92
4
107
25
52.53
0
6
0
0
0
0
47
47.52
32.32
114.14
40
4
0
0
0
0
4
43.43
43.43
0
58.59
126
4.12
0
0
0
3
1
2
41.41
41.58
4.08
0
71
116.16
0
2.97
0.99
0
0
11.76
37.5
47.42
16.16
27.55
0
61.62
107
24
0
0
0
4.08
0
46.46
0
43.43
29.29
104
57
0
0
3.06
0
0
43.88
0
52.53
0
9
113.13
65
4.04
0
0
0
0
2.02
43.43
0
32.32
10.89
3
115.31
45
27.72
0
6
0
0
0
44
3
0.99
48
0
93.94
97
0
0
0
0
4.04
41.58
0
16
26.26
81
111.11
0
0
0
3.96
0
0
26.26
16
96.04
81
3.03
1
0
0
0
0
4.04
0
0
0
0
3.06
0
0
0
0
3.06
0
0
0
0
0
4
0
0
0
0
2.02
0
0
0
5.1
3.96
0
0
0
0
4
0
0
0
0
3.03
0
0
0
0
2.02
0
0
0
0
2.02
0
0
0
0
1.98
0
0
0
0
1.98
71.72
5.94
9.09
0
0
0
0
0
5.94
0
0
0
0
2
15
6.06
0
0
0
0
0
3.96
0
0
0
0
1.98
4
10.89
9.09
6.06
0
0
0
0
0
4
0
0
0
0
3.92
13.13
6.06
2
23
15
1
0
0
0
0
4
10
134
50
73.4
64.58
43.16
62.25
71.88
137.11
0
45.45
0
103.16
64
42.34
116.84
7.14
36.73
67.01
32.99
65.98
71.88
48.98
49.48
13.86
17.17
80
49
86.73
0
63.27
51.55
62.46
78.95
91.84
89.47
29.59
74.75
27.08
138.54
15.31
85.57
45.89
61.94
6
15.15
42.86
66.67
17.17
100
134.34
76.18
33.67
106.05
3
17
111
0
0
0
0
4
38
35.35
34
0
82
106
14
9
9
35.35
31.31
2.06
0
0
0
35
37
0
38
35
0
131.68
8
66
7.07
42.42
19.61
0
0
0
0
4.04
34.65
35.35
15.84
35
23
0
48
49.81
34.34
0
54.55
0
0
0
16.16
22
35
33.66
0
34
2.97
1.01
15.84
61.89
5
53.54
0
0
0
0
3
28.28
26
26
27
27
36
105
37
38
0
35.35
16
0
0
0
0
31.31
8
70
105
0
3.96
0
0
54.55
10.1
27
31.31
0
0
0
0
28
49
22
117
0
4.04
0
17.82
68.69
1.01
26.73
36.36
0
0
0
0
29
31.31
0
27
51.52
0
4
125
49.49
17
12
8
46.53
21
0
0
0
0
26
3
30
26
27
27
12
9
93.63
0
43.43
10
0
0
0
1.98
27
17
61
85
