0.87
2
0
0
0
0
0
0
0
0
0
0
0
0
1.01
0
0
0.29
0
0
0.37
0
0
0
1
1.12
0
0.3
0
0.49
0
3
5.1
2.08
0
0
0
1.01
0
4.12
0
3.09
0
5.05
1.04
0
0
5.15
2.08
0
1.03
1
3.03
0
0
1.03
0
0.49
0
0
0
0
0
1.02
0
0
0
0.25
0
0
0
2.83
1
3.69
2
0
0.99
1
0
0
0
0
0
0
0
1.01
0
0
0
1.04
0
0
0
0
1.01
0
0
0
1.02
0
0
0
0
0
2.02
0
6.19
13
0
4.17
0
4.95
0.47
0
0
0
0
0
1.02
0
0
0
1.06
0
0
0.49
0
0
0.32
0
0
0
0
0
0
1.01
0
0
1.03
0
0
0
0
1.03
0
0
1.01
0
0
0
5.1
0
2.06
7.22
0
13.13
1.03
1.03
1.03
0
1.04
0
0
0
0
0
0.52
1.02
0
0
1
0
77.78
110
92
33.67
61.39
75
115.15
104.04
65.66
87
103.03
5
120.79
114
36.63
88.12
130.61
138.38
103.09
78.79
123.23
136.73
75.76
1.98
101
41.41
43.56
110.1
130
167.01
142.86
122.45
97.09
19.19
115.31
33
2.02
73
25.25
112.24
172.73
131.31
152
126.8
33.66
100
2.02
0
35
82.35
119.39
155.56
162.38
166
115.15
58.42
43
96
79
2
104.04
48
123.23
174
143
138.38
2.97
105.1
88
114.29
79.8
2.02
84
36.36
37
150
162.24
28
130.61
42
139.6
84.69
82.83
15
24.24
52
27.27
70
50
142.57
158
146.46
125.25
95.92
97
65
18.18
64.36
38
37.62
97.03
157.29
140
159.18
114.85
104.04
77.78
46.46
2
54
35.35
40
85.71
144.44
154
189.9
109.09
100
60.61
6
57
134.34
24
39
122.77
140.4
171.72
94.85
53.54