1.78
0
0
0
0
0
1.96
0
0
0
0
0
0
1.02
0
0
0
0
0
0
0
0
0
0.25
0
0
0
1.04
0
0.25
0
0
1.06
0
0
1.01
0
0
0
0
0.26
1.05
0
0
1
1.06
0
1.01
0
0
6.12
9.09
0
0
1.02
6.45
0
3.06
0
3.06
0
0
0
0
0
0
0
0
1.04
0
0
0.22
1.02
0
0
0
0
1.01
0
1.04
0.18
0
0
1
0.4
8.08
11.58
2.08
8.33
0
0
0
0
0
1.03
0
0
0
1.08
0
0
1.01
0
0
0
1.01
0
0
0
0
0
0
1.03
0
0
1.02
0
0
1.04
0
0
0
0
1.01
0
1.02
6.98
3.12
2.11
0
0
1.02
0
0
0
1.05
0
0
0
1.01
0
0
13.33
47
51.52
63
93
89.11
103.03
93.94
90.91
65
73
62
92.93
67.35
41.58
37.62
11.11
31.31
98
110
98.99
97
104.04
95.92
82
42.42
56.44
30.3
2.02
1.01
60.61
97
91.09
107.07
108.08
102.02
92.93
58.59
82.83
45.45
2
33.33
58.59
57.43
87
92.86
119
94
106.06
67.65
75
54.55
0.99
42.86
76
38.38
52
108
105.05
84.85
107.92
99.01
74.49
55.56
1.98
3.03
91.92
67.68
65.66
56
105
132.99
106
116.33
46
87.13
2.04
27.27
82.18
74.49
42.42
70.41
92.93
110.1
88.89
102
58.16
101.01
2.02
35.35
74
99
50.51
41
83.84
93.07
108.16
70
105.94
22.22
46.08
98
53.47
41
88.78
100
103
113.86
72
79.21
2.04
58
89.11
75.25
26.26
73
97.98
100
92
93.94
72.73
94.95
1
13.13
71
102.02
79.8
80
107.14
80.81
108.08
42.57
36.73
80
60
83
78.79
76.53
40.59
1.01
81
109.18
74
96
93
71.72
93.94
97.98
47
29.59
21
4
89
105
115.31
90.91
107.07
102.02
76
