0.15
0
0
0
0
0
0
0
0
0
0
1.02
0.33
0
1
0
0
0
0
0
0
0
0
0
0
1.02
0
0
0.21
0
0.28
0
0
0
0
1.03
0.27
0.5
0
0
1.01
1.34
1.04
0
2.07
0
3
0
7
39
25.25
32.32
56
37.37
14.85
38.38
18.18
61
35
8
52
38
137.76
160.61
49.49
57
92
2
151.52
107
59.41
163.64
143.56
112
120.41
48
27.27
53.54
3
107.14
119.19
139.8
162.63
180.41
54
118.37
52
96
75
21.78
49.54
180.81
134.34
98.02
116.16
73.74
122
84.54
34
21
73
7.07
142.42
159.6
132.65
105
152.04
124.49
45.54
10
43
70.41
25.25
132
140.59
119.19
161.22
150.51
125.25
73.47
61.76
19
31.37
90.91
0
8.08
165.98
135.71
143.88
140
133.67
58
55.56
29.29
44.44
82
12.24
180.41
179.59
113.27
140.4
114.14
46
100
8
30.3
39
2
72
98.97
167.35
151.02
114.29
118.18
98.98
23.23
104
61
22
4.04
94.95
156
98
90.1
81
130.93
147
48.48
169
15.84
10
46
23
1.01
127.27
108
159.6
167.68
176
107.14
69.7
54.55
50
90
2.02
2
31.31
162.24
180.41
144.9
143.88
153
27
35
73.74
76.77
2.02
0
97
134.34
159
157
165.31
17.17
23.76
76
84
9
39.6
60.4
101.98
175.51
196.04
112.24
66.67
52.48
63
130.61
0
118.81
55.45
60
146.46
149.49
128.28
35
122
118.37
88.89
0
1
4.04
32.67
91.75
136.73
128.57
162.63
171.13
124.24
83.67
1.01
1
79
56.57
54
76.53
53.54
68
118.18
38.38
330
267
66.67
162.24
84
44.44
187.88
185
160.61
147.47
131.68
162
121
79
109.18
110.1
184
173
129
204.08
166.33
146.94
154.46
74.75
76.47
145.36
145.45
152.53
166.67
138.38

