13.11
2
0
0
0
12
0
0
0
0
0
0
1.28
0
0
1.08
0
1
0
2.25
0
1.22
0
0.94
0
0
0
0
1.01
0
0
1.04
0
0
0
0
0
1.03
0
0.38
0
0
0
0
1.04
0
0
0.55
0
0.45
0
1.02
0
0
0
0
2.08
2.17
0
0.58
3.06
5.05
3
1.02
8.08
4.04
0
1.02
0
10.1
0
0.31
0.28
0
1.03
0
0
0
1
0
0
0
0
0
0
0
0
0
1.02
0
0
0
0
0.38
0
0
1.02
0
0
8.52
0
0
0
1.04
1.02
0
0
0
0
1.04
0
0.42
0
0
0
0
0.31
0
0
0
0
1.03
0
0
0.28
0
0
0
0
0
3.04
2.06
4.04
1.04
1.02
1.01
0
0
0
0
0
0
0
0
1.02
0.22
0
0
1.02
0.16
38
34
8
32.65
19
37.37
21.21
39.6
24.75
35.35
26.26
70
41.41
61.39
34
16.16
38.61
16
31.37
37
52
101.98
111
2.02
49.5
50.51
108
110.89
98
34.34
135.35
65.66
70.3
88.89
42.86
11.88
138.78
129.59
154.55
72.73
108
112.12
114.29
18.18
104
23.23
1
44.9
114.85
144.33
201.02
82
136.73
21
97.96
65.31
8.91
86
9
1
154.55
152.58
165
118.37
88.78
53
53.54
27
46.53
4.04
61.22
159
159.18
143
151.52
57.58
66
60
101.96
24.24
95.05
32
25
154
189.69
159.6
58.59
62.63
67.68
65
146.94
15.84
67.68
45
3
115.31
152.53
74
94.95
113
69.39
102
110.1
88.78
64.36
29.29
4
54
48
103.03
157.29
158.16
172
81
103.03
114.29
9
71.72
47.06
1
18.18
147.96
165.66
144
177.55
83
77
47
34
27
65.35
0
0.99
105.05
170.41
144.44
139.39
80.81
89
61
67.33
115.84
10.2
2
225.25
191.92
153.54
80.81
101.98
87.13
86.87