3.56
0
0
0
0
0
0
0
0
0
0
0
0
0
0
3
0
0
0
0
0
0
0
0
0
0
0
0
0
0
2.02
0
0
0
0
0
0
0
1.04
0
0.18
1.06
0
0
0
0.24
0
0
0
1.01
0
0
0.99
2.08
0
0.31
0
0
0
0
3.09
0
1.04
2.3
32.63
1.05
4.04
1.01
4.95
2.08
5.21
3.06
29.59
4.89
1.06
0.2
0
1
0
0
0
0
0
0
0
0.36
0
0
0
1.04
0
4.08
0
2.08
1.04
1.03
0
5.15
31.63
2.06
1.01
3.06
14.58
2.08
20
2.08
0
1.03
0
2
2.9
1.01
0
0
1.01
0
0.35
0
0
0
1.03
0
1.08
0
0
0
1.04
0
0
0
0
1
0
0
1.02
4.3
1.03
7.14
2.06
0
0
0
0
0.25
1.02
0
20.52
95
105
95.96
93.94
91.09
90
69.7
61
78.22
30
1
36.36
46
105.1
80.81
100
91
113
104
42.57
93.94
58.59
18
17
15
76.77
96.04
92.93
103
92.08
104
103.03
51.49
83
54.55
34.65
55
68.32
2
72.73
91.92
85
98.02
102.02
86
77.78
94.95
15
37.62
89.9
24.24
3.03
87
99.01
95
107.92
104
76.47
91
33
16
74
82.83
0.99
2
103.03
120.2
116
111.11
60.2
115
46.46
41.18
58.59
82
20
3.03
86
100
101.02
96.04
91
97.98
37.62
39
63.37
89.11
68
4
60
91.92
104
108.08
76.77
70
43
81.63
79.8
63.37
3.03
57.14
95
104
105.05
87
108.08
45
53.54
81.63
82.83
26.26
6
98
102
94.95
89.9
72
100
46.46
40.4
81.82
71.72
73.27
119.19
64.65
71.29
82.83
46.94
3.96
56.57
84.85
83
82.83
83.17
73.74
34
72
97.98
76.77
94
83.84
70
105.1
77.78
52.53
10.95
49.5
113.86
111
103.03
101.01
91.09
96.04
73.47
