0.15
0
0
0
0
0
0
0
0
0
0
0
0
0
0
0
0
0
0
0
0
0
0
0
0
0
1.01
0
0
0
1.06
0
0
0
0
0
1.02
0
0
0
0
0
0
0
1.04
0
0
0
1
0.15
0
0
0
0.32
1.03
0
0
0
0
0
1.03
0
0.55
1.03
2.25
3.09
0
1
45.45
155.56
127.72
26
91
83.17
64
146.46
88
92.93
135
127.84
61
110.2
27.27
2
20
64.65
121.78
100.99
150
180.61
106
101
73.74
39
94.06
4.95
53.06
70.71
134
142.42
153.61
112.12
92.93
101.01
105.05
88.89
5
33.33
69.7
58.59
125
152.04
127
104
146
121.21
45
0
15
76.77
46.46
131.31
110.89
153.61
158.16
93.81
115
110.1
47.52
0
1
86.73
20.2
60.61
159
131.31
152.53
121.43
109.9
49
0
12
58.42
94
40
160.4
160.2
135
107.07
125.77
44
78.79
8
31
2.02
53.54
88
112
148.98
156.12
116
106.06
102
40.59
129
12.12
20.79
76
139.8
146.94
79.8
77
89
125
143.88
25.25
156.12
2
0
1.01
26.26
40
58.42
105
162.63
165.31
156.12
106.93
73
57.14
69.31
32.32
1.98
2
101.98
164.65
175.76
144.44
144.44
135.35
14.85
15
84.85
68
2
26
104.04
149.49
153.47
166.67
136.73
0.99
46.46
131.31
94.95
77.78
8
27
122.45
179.8
192
111.11
70
34
76.53
86.73
6
140.21
16.16
52.53
155.56
124.24
130.3
38.38
126
123.53
105.05
13.86
20
2.02
5.05
92.93
119.19
134
164.36
150
116.16
89.11
18.81
25.25
127.55
12.12
0
92.93
230
332.65
64
0
26
165
59.6
176.77
82
59.6
169
185
161
193.88
183
161.62
113
105.1
103.03
121.21
153.06
150
128.71
127.55
142.86
158.59

