0.87
2
0
0
0
0
0
0
0
0
0
0
0
0
1.01
0
0
0.29
0
0
0.37
0
0
0
1
1.12
0
0.3
0
0.49
0
3
5.1
2.08
0
0
0
1.01
0
4.12
0
3.09
0
5.05
1.04
0
0
5.15
2.08
0
1.03
1
3.03
0
0
1.03
0
0.49
0
0
0
0
0
1.02
0
0
0
0.25
0
0
0
2.83
1
3.69
2
0
0.99
1
0
0
0
0
0
0
0
1.01
0
0
0
1.04
0
0
0
0
1.01
0
0
0
1.02
0
0
0
0
0
2.02
0
6.19
13
0
4.17
0
4.95
0.47
0
0
0
0
0
1.02
0
0
0
1.06
0
0
0.49
0
0
0.32
0
0
0
0
0
0
1.01
0
0
1.03
0
0
0
0
1.03
0
0
1.01
0
0
0
5.1
0
2.06
7.22
0
13.13
1.03
1.03
1.03
0
1.04
0
0
0
0
0
0.52
1.02
0
0
1
0
77.78
110
92
33.67
61.39
75
115.15
104.04
65.66
87
103.03
5
120.79
114
36.63
88.12
130.61
138.38
103.09
78.79
123.23
136.73
75.76
1.98
101
41.41
43.56
110.1
130
167.01
142.86
122.45
97.09
19.19
115.31
33
2.02
73
25.25
112.24
172.73
131.31
152
126.8
33.66
100
2.02
0
35
82.35
119.39
155.56
162.38
166
115.15
58.42
43
96
79
2
104.04
48
123.23
174
143
138.38
2.97
105.1
88
114.29
79.8
2.02
84
36.36
37
150
162.24
28
130.61
42
139.6
84.69
82.83
15
24.24
52
27.27
70
50
142.57
158
146.46
125.25
95.92
97
65
18.18
64.36
38
37.62
97.03
157.29
140
159.18
114.85
104.04
77.78
46.46
2
54
35.35
40
85.71
144.44
154
189.9
109.09
100
60.61
6
57
134.34
24
39
122.77
140.4
171.72
94.85
53.54
127.72
2.02
121.43
50
66.67
66.67
119
124.24
92.86
92.93
72
88
5
91
127
67
19
34.65
39.39
93.94
100
157.58
159.6
2.02
26.26
119.39
118.18
29
32.32
47
71.72
93.94
115
98.98
72
85.15
1
50.51
107.07
25
29.7
107
49.49
150
105
110.2
157
1.01
0.99
2
23.23
135
89.8
100
80.39
153.06
156
139.8
14.85
1
97.94
59.8
184.69
42.42
31
140.4
180.61
98.98
84
103.06
39
3.03
14.14
145.45
41
105
36.63
74.75
135.35
106.06
160
72
130.39
1.01
67
59.18
130.61
18
73
52.53
108.16
86.87
103.03
73.74
83
39.6
38
85.71
42
1
4.95
82.83
35.35
32.67
90.82
112.87
105
18
103.03
83.17
108.08
114
34
80.61
48
1.01
7
198.97
78
94
108.16
152.53
91.92
124.24
41
79
20.2
0
3.03
60.4
119.19
117.35
94.95
103.03
109.09
106
91
63.64
54.08
31.68
24
15
20
120
100
100
104
109.9
84.16
67
62
40
50
0
5
64.65
54.55
62
106.93
91.09
106.19
124
84
67.68
90.91
2
23.23
76.77
38
35.35
64.65
131.31
84.69
63.64
106.06
171.72
96.04
82.83
83.84
53
42.16
59.6
22.22
58.42
93
128
108.08
115.15
100
68
53.06
61
49
2
1.01
68
108
104.08
107.92
54.46
103.03
110
71.29
93.94
36.36
0
1
60
55.56
40.4
105.94
110.2
123
120.79
80
70.41
83.67
46.46
90.1
37
68.37
23.23
29.29
135.71
81.82
142.42
114.29
65.35
92.93
85.71
55.45
80.61
65
31.31
70.71
52.53
35
103.03
60
99
88.89
116.16
101
103.03
1.01
2
47.96
56.44
59.18
42.57
114.29
108.25
120
112.24
107.14
80.61
19
25.74
29.29
38
52
102.02
100
119
107
90.91
46
66
87
42
61.62
54
93.07
0
38
84
108.08
97.98
101.01
66
121.43
50
68.69
115.15
12.87
0
8
72
104
75.76
107.22
98.02
129.29
115
57.58
92
2
0
21.21
41.58
95.96
104.95
116
124.24
101.98
102
77
1
0
67.68
52.04
63.64
42
114.29
120.59
120
73
102.04
66
38
41.41
108.08
38
14
78.43
84.69
33
84.85
98
111.11
96
83.67
74
84.16
24.24
61.39
0
1.01
72.28
130.3
125.51
114.14
106.06
94
83
20
16
16.83
45
5.05
90.1
113.13
120.62
120
106.86
119.59
85.15
29.29
33
97.98
8
50.51
82.65
143.14
57.58
124.24
90.91
103.03
73.27
82.83
103.06
3.03
22
116.33
48
80
53.47
92.08
82.65
124.24
109.9
96.94
9.09
99
45.45
46
64.65
118
110.1
136
102
76
1.01
15
85.86
53
5
70
121.65
117
104.04
90
103.03
55.56
8
1.01
16
106
36
118
90
112
103.03
130.3
17.17
67.33
76.53
95.05
118
68.37
41.58
1.01
97
90.91
92
44.44
28.71
97.98
95.96
122.55
65.66
32.67
58
22.22
60
106.12
10.89
51.52
67.65
124.49
112
130.61
115.15
30.69
15
79
78.57
74
24.24
70
107.07
107.22
112
107.14
58.59
1
10.1
120.41
67
89.11
101.02
50.51
65
127.27
100
0
44.44
54.55
55.56
61.62
29.7
43.43
100
120
108.08
117.82
54
93.07
42.86
0
59.6
63.37
23
70.41
96.97
95
70
127.55
19
73
38.38
117.82
109
72.73
30
84.16
104.04
162
158.76
145.54
124.24
150
136.36
181.63
135.71
50
113
221
205
174.23
105.05
166
174.75
179.59
125
108
65.35
206.19
196.97
176.77
78.79
188
144
195.96
127.27
83.84
8
38
202.04
122
93.14
173
151.52
176
128.57
136.73
96
171
141
171
64.36
146.46
148.98
165.66
107
134.34
136.36
159.6
189.8
159.18
89.9
94
140.82
167.35
148.98
134
98.99
171.29
181.44
157.14
140.4
115.31
69
152.53
145.45
128.71
114.14
179.59
181.82
176.77
135.35
58
90
142.42
127.27
129
98.99
144.44
114
139
90.91
91.09
156.12
177.78
62.63
129
105.05
171.72
169.39
168.37
149
96.97
103
215.15
150
95.15
106.06
142.42
204.17
174.75
145.45
65.66
149
178.57
108.08
82.83
13.86
179.59
176.53
165.66
146.46
146.94
109
160
81.82
163.64
10
31
175.76
190.82
155
140.82
126.26
168.69
123.76
153.54
89.11
113
91.92
90
94.95
20.2
80.2
94
88.89
88.89
69.39
106
109.09
122.45
112.12
78
44.44
110.2
81.19
103
97
115.15
127.27
124.49
99
144.9
57.58
142.42
56
113.27
93.94
122.45
124.75
130.61
127.27
140.4
74
98
106.06
74.75
84.31
104.95
113
114.14
107
123.23
85
99
91.92
63
60.61
114.14
123.23
122
109.09
126
90
116.16
102.02
88.89
56
138.78
105
110.2
111.11
129.59
108.16
92
97.03
105
94.95
58.59
111.22
117
111.11
107
110.2
43.43
90.82
104
90.1
89.11
30.69
126.53
98
119
91
76
94.95
107
78
116.16
115
113.13
130.3
81
102
82
108.16
116.83
104.04
129.29
106.06
131.63
104
59.6
57
105.1
68
97.98
67.68
129.29
108.08
110
107.14
120.2
103
99.01
100
112.12
78.57
119
122
99
110.2
125.25
108.91
61
82.18
114
84.16
135.35
122
103
106
125.25
100.99
93
34.34
124.24
89
119.19
119
117.35
111.11
119
39
105.05
75.49
48.48
92.93
113
107.07
127.27
107.07
78.79
110
108.08
75
68.37
77
124.24
123.47
140.4
113.27
114
97.98
125
53.47
59
36
63.64
118
125.51
114.14
125
108.16
125
88.89
80
92
106
98.99
99.01
113.27
114
104.04
114.14
75
33
59.6
117
114.85
129
103.03
79.8
94.95
107.07
94.95
70.3
48.48
81.82
119
135.35
115.15
81
121.21
119.39
106.06
92
79.8
119
113.27
122
124.24
120.41
44.12
124.24
114
111.11
59
123
113.13
120.2
125
102.02
75
119.8
66.67
89.9
67.33
126.26
121.78
97.03
129.59
119
129.29
116
100
71.29
68.69
119.8
123.23
122.45
127
118.37
123.23
127
56.57
63
67.68
109
118.18
8.08
0
0
33.33
55
45.54
51.52
30
13.13
27
19.8
36.36
59
38
32.32
29.29
37.62
30.3
15
42
38
48
17.82
53.54
76.77
29
34
25
43
35
70.71
83.84
66.67
50
56
45
12.24
9.09
10.89
14.14
13.13
14
13
9
0
0
0
5.88
5
0
0
0
0
0
1.04
0
0
0.99
0
0
0
1.05
0
0
0
1.03
0.27
0
0
0
0.39
0
0
1.03
0
0
0
0
1
1.04
0
0
0
1.02
0
1.02
0
0
0
0
1.02
0.16
0
0
1.02
0
0
2.02
0
0
0
1.01
0
0
1.04
0
0
1.02
1.77
23.47
0
0
0
0
0
0
0
0
0
0
0.48
0
0
1.02
0
0
0
0
2.04
0
0
0
0
0.99
0
0
1.03
0
0
1.03
0
0
0
1.01
0
0
0
0
0
0
1.02
0
1.01
8.16
0
1.01
0
0
0
0
0
0
0.13
0
0
1
0
1.03
0
0
0
0
0
0
0
0
0
1.03
0.47
1.02
0
4.12
1.01
3.99
0
0
1.02
0
0
1.01
0
0
0.57
0
0
1.01
109.09
136.36
66.67
18
83.17
38.38
76.77
93
93.94
83.84
97.98
128.57
25.74
2
64
115.84
3
4
71.72
76.24
74
94
65.66
81
81.19
57.58
100
75.51
74
94.95
82
59
51.02
1
6.06
67
90.91
114.29
102.94
115.15
112
105.05
63
106.12
29
13.86
1
16.16
41
105.15
93.07
107.14
125.25
120.41
93
109.09
68.32
49.49
1
4
61.39
67.68
45
76.24
102
87.88
100
70.71
78.22
57.58
44
87
37.37
90
58.59
43
5.05
63.64
90.91
91.84
95.96
84.16
111.11
123.47
73.74
67.33
72
86.87
1
19.19
86.87
25.74
20.2
93.94
100
119.19
98.02
102.02
36.63
94.06
64
5.05
67.33
51.52
35.35
69
118
133.33
90.91
100
73
124.24
57.43
1.01
21.78
74.75
30
74.49
101.01
28.28
108
107
131.31
71.72
97.03
80.2
1.01
18
54.55
59
16
122.22
122.45
90.91
80.2
128.28
69.39
100
68
51.02
84.85
48
1
1.98
92
116.49
106.06
127
100
53.47
85.86
89.11
95.92
24
3.03
2.97
66
106
87.25
50.51
110
115.84
112.24
73.27
9
55
48.48
54.55
3
50
101.01
127.84
141.24
110.89
90
46.53
67
20.2
29.29
40
68
2
109
111
109
84
101
55
82
32.32
38.61
77.78
84.85
3.03
44.55
68.69
107.07
125.77
34
58
72
76
35
66.67
52.04
24.24
104.95
66
96.94
23
1
88.89
126.26
63.64
25.25
93.07
49
117.35
59.6
76
66.33
96.97
104
88.78
63
24.24
28.71
70.71
3.03
62.63
111.88
90.82
115
105.1
18
87.76
6
72
75.51
93
109
80.81
102
84
2
72.73
46
28.71
35
103.03
115.15
121.21
124.74
89
82
75.25
1
18.96
38.61
67
84.16
116.16
108.16
120.2
129.29
103
32.32
46.53
46.53
90.91
17.17
78.79
2.02
38
113
100
103
73.74
111.22
93
76.53
66
47
71
3
110
158.42
93.94
124.74
167.35
81.82
66
55.45
34
94
66.67
1
55
139
176.77
175
90.91
94
16.16
103
113.86
86.87
2
3.03
185.71
195.96
132.65
87.88
112.87
153
50.98
12
26.73
15
70
175.26
124.75
147
123.47
101
114.14
33.33
8
40.4
88.89
44.44
111.11
147.96
157
171.72
90
88.89
30.3
18
11
70.3
50
52.53
148.51
174.49
133.67
156.44
65
39.39
72.73
18
105
24
2.02
151.02
143.3
150
97.96
99.01
71.72
19.8
46
79
3
50.5
85.86
154.08
98
78
70.41
92
59.6
28
27
76
75.51
54.55
15.69
106.06
28.28
139
101.98
137.37
123
226
295
106.93
64.65
183.84
102.04
0
0
10
105
48.98
94.95
110
129.59
95.05
159.41
137
82.83
52
119
109.9
25
1
2.02
0
4.04
89
117.17
13.86
115.31
173
149.49
176
124
63.64
99.01
69
59
100
29
2
6
17
112
29.29
80.61
100.99
153.06
133
91
132
83.17
115
85
53.54
82
1
3
18.81
6.06
80
93
72.73
107
149.5
157
183.84
81.19
97
89
108
45.54
28
1
19.63
124
46.46
154.55
103
62
140
133.33
71
47
118.81
97.98
96
1
2
2
27.27
107.92
19.19
2
12.87
164.65
163.27
149.5
161.62
75
94
91
101.01
95
99.01
76
16
1.98
1
45.54
84.85
37
123.23
43.56
159
109.9
100
75
71.29
63.64
62
74
22
3
2
19.19
116.16
23
27
89.8
76
102
73
77
122.22
122.77
116
46.46
70.3
0
1
2.09
71.72
61.76
23.23
105.1
108.08
118
112
92.08
22
46
108
96
65
31
1.01
8.13
76
31
81.82
119.8
122.77
92
108
92.93
109
57
120
46
67.33
26.26
12
14.85
7
92.93
49.5
67
108.08
55
11
93
111
128
49
104
100
43
43
0
15.22
106.12
44
74
117.53
107.92
95
73.74
124
107
91
82.18
58
37
15.15
10.2
119
64.65
123.23
117.17
105.94
109
91.92
79.21
50.51
30
93
68.32
0
0.98
16.16
82.65
53
17
90
75
120
112
116
127.72
85.86
80
75
63.37
8
13.13
1.98
0
14.8
101.01
