1.78
0
0
0
0
0
1.96
0
0
0
0
0
0
1.02
0
0
0
0
0
0
0
0
0
0.25
0
0
0
1.04
0
0.25
0
0
1.06
0
0
1.01
0
0
0
0
0.26
1.05
0
0
1
1.06
0
1.01
0
0
6.12
9.09
0
0
1.02
6.45
0
3.06
0
3.06
0
0
0
0
0
0
0
0
1.04
0
0
0.22
1.02
0
0
0
0
1.01
0
1.04
0.18
0
0
1
0.4
8.08
11.58
2.08
8.33
0
0
0
0
0
1.03
0
0
0
1.08
0
0
1.01
0
0
0
1.01
0
0
0
0
0
0
1.03
0
0
1.02
0
0
1.04
0
0
0
0
1.01
0
1.02
6.98
3.12
2.11
0
0
1.02
0
0
0
1.05
0
0
0
1.01
0
0
13.33
47
51.52
63
93
89.11
103.03
93.94
90.91
65
73
62
92.93
67.35
41.58
37.62
11.11
31.31
98
110
98.99
97
104.04
95.92
82
42.42
56.44
30.3
2.02
1.01
60.61
97
91.09
107.07
108.08
102.02
92.93
58.59
82.83
45.45
2
33.33
58.59
57.43
87
92.86
119
94
106.06
67.65
75
54.55
0.99
42.86
76
38.38
52
108
105.05
84.85
107.92
99.01
74.49
55.56
1.98
3.03
91.92
67.68
65.66
56
105
132.99
106
116.33
46
87.13
2.04
27.27
82.18
74.49
42.42
70.41
92.93
110.1
88.89
102
58.16
101.01
2.02
35.35
74
99
50.51
41
83.84
93.07
108.16
70
105.94
22.22
46.08
98
53.47
41
88.78
100
103
113.86
72
79.21
2.04
58
89.11
75.25
26.26
73
97.98
100
92
93.94
72.73
94.95
1
13.13
71
102.02
79.8
80
107.14
80.81
108.08
42.57
36.73
80
60
83
78.79
76.53
40.59
1.01
81
109.18
74
96
93
71.72
93.94
97.98
47
29.59
21
4
89
105
115.31
90.91
107.07
102.02
76
79
50.5
41.58
53
2.02
38.24
110
96.97
104
100
83
85.86
98
50
76
20.2
4.04
96.97
115.15
94.9
100
98.98
114.14
73.74
57.58
48
19.19
2.02
18.18
105.05
96.97
110.1
108.08
106.06
101.01
74
79.59
19
0
3
77.23
104.04
104
116.33
89
100.99
97.98
66
60.61
33
59
2.02
27.72
79
98
90.91
108.08
112.24
83
94.9
33.66
42.42
46.46
1.01
30.69
142.42
113.4
95.05
96
96.94
87
76
67.01
35
60
1.01
1.01
101.01
101.98
86.87
89.9
102.02
79
90.1
64.36
24
52.53
21
19
97.96
102
91.18
106
103
81.82
81.19
35.71
35.64
58.42
2.02
57.84
89
70.71
96
106
97.96
68.69
100
36.63
37.76
57
9
54
91
112.24
112.12
85
113.27
97
73.74
53.06
29.29
57
0
31.31
98.99
95
105.05
102.04
108.08
81.63
80
33
41.58
43
1.01
52.53
104
105.05
100
99
79.8
88.89
77
26
62.75
18.18
43.63
96.04
102.02
84
96.94
111.22
77
52.48
29.29
51.52
36
2.97
63.64
109.28
84.16
101
95.92
78
71
45.45
53.54
61.62
66.67
83
94
65.35
34
1.01
59.41
117.71
78
92.86
87
86.73
74.26
58
47
56.57
70
82
75.76
87.76
34.34
2.97
53.06
96
88
78.57
85.86
76
106.19
82.83
44
37
81.63
53
51.49
71.72
58.59
61.39
2.02
64
89.9
77.45
69
80.2
90.82
96.94
36.63
41.18
77
88.89
97
66.67
56
66.67
3.06
49
94.12
81.82
46.94
37
91
104.08
101.01
93
78.79
38
2
15.15
82.18
87.88
46.94
66.34
96.97
115.15
102
102.97
77.78
25
42.25
95
48
42.42
63
96.97
101.02
101.02
92
57
38.38
2
17.17
76
68.32
41
67.68
96.97
102.02
86.73
141
58.16
67.68
1
68
133.66
59.6
107
167.68
153
125
95.05
96.97
96
1.98
43.43
130.3
64
126.73
169.07
178.35
111.22
132.32
106.93
80
66
4
107.92
71.72
72
160.82
156.86
175.76
108
94
85.86
65.35
40.4
10.1
39.39
86
170.1
190.72
177.55
105.1
70
92
80.81
1.01
31
58.16
153.54
172.73
183.17
121
98
136
100
36
3
71
56.44
132
177
159.41
119
138.38
93.07
98.99
51.49
0.99
75
55
172.73
171.43
145.92
126.53
149.49
105.1
97
88
3.03
77
56.57
59.41
171.43
155
169.7
130.61
96.97
94.9
96
2
46.94
50.51
76.77
95.92
105
128.57
117.17
97.96
101
77.23
20.2
1
60.61
42
84.85
107
112.12
104
115
90.1
94.06
92.08
4.04
0.99
48.04
76.77
118
102.97
106.12
137
167.65
80.2
64
79
2
22.22
73.27
46.46
113.13
117.17
75.51
110.78
126.53
85.86
95.92
45
2.02
53.54
39
40
114.14
119.19
111.11
107.07
123.23
79
71.29
59.6
2.02
75.76
54.08
70.71
104.08
108
116.33
107.84
91
87.88
83
14.85
4.04
83
40
100
111
113
153.4
86
101
94
66.67
29.29
3.03
23.23
67.68
127
86.87
76
96.97
116.16
124.24
81
16.16
40.65
50.51
81.82
198.99
5.05
46
96.97
88.78
102
104
111.22
111.11
100
101.01
115.31
97.98
98.99
87.13
107.22
87.76
86
98
96.04
100
100
141.41
98.99
110.89
96.97
94.12
102.02
84
104
102.02
99
90.1
104
104.04
89.8
94
100
59
41.58
99.01
95
105.1
86
100
103.03
90.82
104
106
101.02
108.08
112.24
110.1
98.98
100
112.24
88
97
91.84
105
94
98.99
109.18
104.95
94.95
95.92
101
90.91
87.88
151.02
97.98
96
108
113.13
109.18
89
109
90.91
105
97.03
106
114
104.95
102.02
100
107.14
70
94
90.91
105
102.02
115
101
95
96.97
91.92
105.1
104.04
91.84
109.09
97.98
91.92
118.37
97.98
97.96
102.02
101
104.04
96.94
93.07
100
97
103
104.08
87
97
107.14
100
103.06
93.94
105.05
140
99
87.88
97.98
98
95.96
96.97
106.93
104
96
112.12
103.96
77
104
102.02
100
95.05
95.05
107.07
85.86
78
88.12
108.16
89
98
101.01
123.23
114.29
95.92
105.05
111
107.07
97.98
83.84
103.03
100
112.24
95
104.08
113.13
90.82
103.03
106.06
130.3
99.01
94.95
92.93
98
77
101
102
107.07
101.98
94
100
105.1
95.96
114.71
93.07
95.96
110.1
102
105
91.92
101
93.94
107.07
96.94
81.82
84
103
100
100
78.43
108.16
92.93
108.08
90
88.78
96.97
99.01
94.9
99
95.96
110.1
97.98
111.11
88.89
79.21
111.11
127
118.18
109.09
86.73
90.91
95
100
96.97
87
113.86
113
101.01
106.06
86
107
105.1
96
104
85
76
78
99.01
94
82
103
98
106.12
82.35
82.83
100
106
112.12
93.94
94.95
105.15
96.97
107.07
107.07
88.78
102.02
103.06
110
105.05
88.89
91
108
111.22
105.1
92.93
110.1
105.1
139.39
104.9
90
100
88
77
102.02
82
97.98
104
109.09
98.99
99
90.91
95.05
94.06
110.1
82
85.86
93.94
101.01
105.05
48.48
108
89
95.92
111
86.87
104.04
94.95
105.05
104.04
92
107.07
92.86
102.02
100
84.85
100
101.01
97
95.92
87.13
92.93
95.96
95.92
144.44
124
161.62
174.75
173.47
189.8
141.18
145.1
190.72
171.13
159.41
148.48
179.8
174.49
174
178.57
155.56
170.71
185
172.28
166
170.71
181.63
174.49
185.86
166.33
157.14
176.53
149
181.82
166.67
92.86
170
178.79
186.73
174.49
143.88
179.8
179.8
180
169.7
139.18
183.84
160
185.71
183.67
156.57
178.79
180.61
185.86
183.51
151.52
147.47
130.3
135.35
153.47
101
112
116
120.2
110.89
104.04
123.23
107.07
122.55
103
90
121
119
123
113.13
109
110.1
77
108.08
120.2
93.94
119.8
113.27
128.71
102.02
134
129.59
122
117.17
108.08
117.17
115.15
166.67
573.68
10.1
0
0
58.16
40
47.47
73
57.58
53.54
61
48.48
34
55.45
34.34
58.42
42
30.3
62.38
63
39
31.31
59.41
36.63
29.7
50.5
71
51.52
42
52
61.39
56.57
96.04
96
91.84
104
74.75
24.24
21.78
36.36
11
79
71.72
57
53.54
90
96.97
87
87.88
75
98.99
93
87
77.78
69.39
18
43.43
0
17.17
0
0
0
3
0
0
0
0
0
48.51
32.32
2
0
0
0
0
1.06
0
0
0
0
1.03
0
0
0.31
0
1.03
0
0
0
1.05
0
0
0
0.46
0
0
1.05
0
0
0
0
0
0.99
0
1.03
22.68
1.64
2.02
0
0.17
1
0
0
0
1.03
0.14
1.01
0
0
0
0
0
0
0
1
0
0
0
0
0
0
0
1.03
0
0
0
1.03
1.06
5.73
0
0
0
1.01
0
0
0
1
1.05
0
0
1.02
0
0
0
0
1.02
0
0
0
1.01
0
0
0
0
0
1.01
0
0
0
0
1
0
1.02
0
0
4.17
0
3.09
3.12
9.47
4.12
3.06
2.02
1.06
0
0
0
1.04
0
0
0.44
0
0
0
0
0
0
0.24
0
0.4
0
0
0
1.01
1.02
0
1.03
0
0
0
0.46
0
1.02
0
0
0
0
1.06
0
2.08
0
10.2
9.28
4.35
10.1
115
87.76
127.55
121.21
107.14
123
111.22
108.82
32
93.81
49.49
24.24
108.82
79.8
1.01
67.68
125.25
122.45
97
82.47
92.08
42.57
93.94
61
110.1
19.8
26
123.47
101.02
80
120.2
107.92
57
41
64.65
94.06
96.94
2.97
76
110.1
112.24
117.17
84.69
85.15
32.67
93.88
56.12
104
41.41
4.04
89.9
118.56
131.63
103.96
79.8
51.52
79.21
74.75
142.42
42.86
6.06
125
115.15
98.99
85.86
65.35
47.47
87.13
86.87
85
104.9
0
4.95
98.99
114.14
81
88.89
54.46
112.87
121.21
37
121.43
17
44.44
112
95
95.96
88.12
55.56
105
101.02
75.76
141.58
91.84
3
66.67
105.94
100
107.22
38
56.57
122.22
126
76.53
115.84
2.02
37
119.19
101.01
92.93
72.45
49.49
74
125.51
60.2
95.96
56.44
2.02
32
98.98
80.2
99
42
63
116.16
102.02
89.9
102.97
53.47
3.03
87
89.9
108.08
55
58.16
110
118.18
89
95.96
70.41
0.99
65.66
111.22
114.71
73.47
58.82
75.51
115.84
113
65.66
98.98
37
4.04
110.1
91
117.17
43.43
73.47
110.1
111.11
67.68
104.95
48.51
2.02
111.22
85
89.9
31.68
80.81
109.09
55
112.12
87.76
106.86
10.2
22
94.95
92.08
62.63
41.41
92
107.14
119.19
89.8
111.22
52.53
37.67
112.5
65.35
44.44
140.59
107.14
118.37
112.12
53.54
111
20
3
75
101.01
25
49
100
103.03
93.88
86
83
70.71
60.61
2
12
86
37
75
76
59
92
108
54.55
77.45
65
76
69.7
68.63
24
68
47
1
93
91.92
94.06
100
103
84.69
85
59.18
14.14
49
73
3.06
24.51
97.96
108.16
107
100.99
102.02
84.31
87.88
22
47
66
1.01
58.59
113.86
91
100
96
100
101.01
47.47
15
76.77
44
3
69.7
104
103
115
116.33
88
73
43.56
49
80.39
4.04
24.24
101.98
113.13
108.08
95.96
92.93
83
84.69
50
100
24
19.64
54.55
92
99
107.22
128.28
102.02
96.97
70.71
58.42
1.01
23
70
35.35
95.96
103.03
98.99
103.03
72
106
61.62
82
1
4
63
48
87.88
70
72.45
92.93
90.91
52
53.54
60.4
40.59
123
114
135
86
65.83
146
239.39
91.92
24
105
26
97.98
89
96
79.8
90
83
43
31
88
49.5
86.87
0
4
56.57
82
54.08
96.04
105
90.91
87.13
72.73
68
35
95.05
62
93.94
1.98
2.97
64.65
66.67
60.61
90
104.04
85
63
58.42
45
56.57
113.86
57.58
89.11
36
1
19.19
82.18
44.9
77.78
114.14
101.98
100
34
62.63
97.03
89
78
98.99
38
99
23.23
1
46
76.77
39
82.83
62
52
77
99
96
96
98
111
101
21
4
51.49
54.08
48.51
89
38.38
47
94.06
66
97
98
92
61
75
47.52
3.03
26
84.69
19.8
69
69
45
86
93
78
114
103
68
90
69
7
30.39
62.24
69
33
51
41.58
45.45
87
58.42
101.01
98.02
95
105.05
66
67.33
1
3.96
61
62.38
24.24
27.72
70.71
91
106
100
79
97
95
62
79
29
1
36.36
85.71
3.96
27
50.51
95.92
81.82
92
103
72
106
101
79.21
73
41.41
0
12.87
12
24
87.88
22.22
84.16
81.82
98.99
101
98
89
93.94
70
85
55
53
2
3.03
17.17
53
72
26.73
86.14
103.06
95
101
89
80
67
72
80
36
90
2
1
0
19.8
82
33.66
87.88
92.93
104.04
89.11
94
84.85
154
59
98.02
99
68
2
5
7.92
117
47
60.61
174.26
168.69
145.45
146.53
67.68
64
4
5
151
138
174
86
15.22
155.21
18.18
149.5
179.59
146
178.22
109
49
1
10
133
150
63
138
37
30
90.91
65.35
80.81
141.41
182.83
176
137
95
27
3
120
108
68.69
64.36
91
2.02
45.54
158.59
20.2
148.48
181.63
138.61
137
107
66
36.63
3
93
70
105.05
114
27.72
61.62
153.54
23.23
175.51
137
137.37
167.33
105.05
83.17
46.46
56.44
95.96
123.76
71
1
78.79
71.72
81.82
181.44
