0.15
0
0
0
0
0
0
0
0
0
0
1.02
0.33
0
1
0
0
0
0
0
0
0
0
0
0
1.02
0
0
0.21
0
0.28
0
0
0
0
1.03
0.27
0.5
0
0
1.01
1.34
1.04
0
2.07
0
3
0
7
39
25.25
32.32
56
37.37
14.85
38.38
18.18
61
35
8
52
38
137.76
160.61
49.49
57
92
2
151.52
107
59.41
163.64
143.56
112
120.41
48
27.27
53.54
3
107.14
119.19
139.8
162.63
180.41
54
118.37
52
96
75
21.78
49.54
180.81
134.34
98.02
116.16
73.74
122
84.54
34
21
73
7.07
142.42
159.6
132.65
105
152.04
124.49
45.54
10
43
70.41
25.25
132
140.59
119.19
161.22
150.51
125.25
73.47
61.76
19
31.37
90.91
0
8.08
165.98
135.71
143.88
140
133.67
58
55.56
29.29
44.44
82
12.24
180.41
179.59
113.27
140.4
114.14
46
100
8
30.3
39
2
72
98.97
167.35
151.02
114.29
118.18
98.98
23.23
104
61
22
4.04
94.95
156
98
90.1
81
130.93
147
48.48
169
15.84
10
46
23
1.01
127.27
108
159.6
167.68
176
107.14
69.7
54.55
50
90
2.02
2
31.31
162.24
180.41
144.9
143.88
153
27
35
73.74
76.77
2.02
0
97
134.34
159
157
165.31
17.17
23.76
76
84
9
39.6
60.4
101.98
175.51
196.04
112.24
66.67
52.48
63
130.61
0
118.81
55.45
60
146.46
149.49
128.28
35
122
118.37
88.89
0
1
4.04
32.67
91.75
136.73
128.57
162.63
171.13
124.24
83.67
1.01
1
79
56.57
54
76.53
53.54
68
118.18
38.38
330
267
66.67
162.24
84
44.44
187.88
185
160.61
147.47
131.68
162
121
79
109.18
110.1
184
173
129
204.08
166.33
146.94
154.46
74.75
76.47
145.36
145.45
152.53
166.67
138.38
166.33
158.59
166.67
142.42
44
117.35
60
160.4
171.72
152.53
137.37
150.51
158.16
126.26
144
41
125.25
162.63
151.02
92
143.43
182.35
173.27
103.96
136
97
54
122.77
172.45
155.45
143.43
146.46
152.53
136.73
140
102.02
112.75
167
146.46
69.31
171
151
156.7
152
155.56
63.64
129.29
175.76
173.47
123.23
98
152.04
156.57
154.08
154.55
71.72
352.04
172
124.24
161.22
124.49
116.16
158.16
126.26
77.23
0
0
7
79.8
77
35
20.2
14.85
50.51
41.41
66.34
23
25.25
23.23
0
43
0
0
1.03
0
1.02
0
1.02
0
1.03
0
1.01
0
0
0
0.46
0
1.02
0
0
0
0
0
0
1.02
0
0
0.34
0
0
0
0
1.02
0
0
0
0
1.03
0
0
0
0.23
0
0
2.04
3.12
0
1.03
0
1.01
2.02
2.06
0
1.26
2.02
2.89
2.04
0
0
2.02
0.35
1.01
0
0
0
0
31.68
41
146.46
88
110
138
154.55
91.92
69.7
93.94
62.63
3
74
93
24
9
149
146
173.74
93
128.28
109.18
20.2
23
116.16
23
35
125.51
143
125.25
139.8
130.3
67.68
2.02
79
57.58
96.08
14
2
37
132.32
179
169.39
103.03
55
1
89.9
79.21
71
104.04
13
130
173.2
81
104.04
80
0
60.61
90.91
36.36
122.22
178.12
184.85
121.65
66.34
70.3
76.53
42
6
29.29
23
117.17
154.08
81.82
88.89
159.6
159.6
62
84
0
0.99
11.11
104.04
86.73
124
14
155.56
142.27
113
64.65
15
41.41
77
117.17
162.24
128.28
119.19
88.89
75.76
12.12
42.57
64.29
44.44
47.47
87.13
82
49.49
134.34
145
129.29
105.94
127.27
69.39
1
38
61
127.27
92.93
110.1
93.94
140.4
173.47
113.13
2
18.18
100
39
60.61
35
36.63
125
148
166.33
96
2.97
38
103
28
31
67.35
141.84
170.71
169.79
101
127.27
46.46
2
43.43
91.92
18.81
29.29
77.78
175.49
151.52
146.39
127.27
61
5
56.12
102
58.59
99
82.83
131.31
69
152
107.14
40
3.03
70.71
82
112
132.99
51.52
50
97.98
168.04
97.98
66.67
1
35.35
86.87
175.76
130.3
101.02
36.63
116.49
130.3
126.26
88
2
60.2
200
113.59
6
18
36.36
357
251.49
142.42
101.98
210
183.84
151.52
134.34
132
165.66
103.96
173.47
137.37
124
127.27
214.14
168
169.7
176.77
187.5
75
106
134.69
148.98
107.07
177.55
172.73
140.82
87
152.04
148.48
91.09
98.99
128
137.37
143.43
150.51
179.38
168
184.85
141.41
136.73
91.92
102
149.49
97.96
136.36
150
151
168.37
105.05
6
151.52
79
27
158.42
158.59
150.51
133
138.38
144.44
151.96
126.26
105
158.59
43
177.55
154
142.42
196.97
128.57
143.56
150.52
76
176.77
115.15
89
202.02
158.59
209.18
96.04
132.32
142
146
161.62
134.34
66.67
114.14
174.49
167.68
147.52
175
133.33
96.97
0
0
7.07
31
12.12
32.67
38.61
54.55
107.07
41.18
0
8
0
0
1.01
0
0
0
0
0
0
0
0
0
0.2
0
0
0
0
0
0
0
0
0
0.22
0
0
0
0
0
0
6.19
2.06
11.46
13.4
5.1
5.21
2.06
0
0
0
3.34
6
4.04
0
0
3.06
2.06
1.05
0
0
0
47.47
146.94
140
130
157.73
121.21
128.28
4
67
60.82
2
2
85.71
116
186.73
160.78
209.18
97.98
66
61.22
38.61
2
45
39.39
149
141.84
183.67
162.14
1
55
41
0
27
83.17
76.77
129
185.86
180.41
128.28
91.18
21.21
17.82
79.59
0.99
24
72.45
104.12
110.78
144.9
151.55
128.57
101.02
34.65
68
90
3
67
71.72
95.92
149
139.39
144
116.16
38
127.27
60
38
21.21
26
89.9
116.16
146
135.35
110.2
81.19
65
122.55
42.86
0.99
18
51.52
44.44
72.73
109
178.57
167
161
34.65
87.88
0
4
73
55.1
51
157.43
152.04
159.6
120.41
56.12
83
14
1
78.79
62.24
87.88
131
150.51
162.24
120.2
50
86
52.53
44.44
4
180
71.72
48
132.32
137.37
147.52
120.41
94.95
74.75
2
13
76.47
88.89
98.98
75.25
161
169.39
44.55
105.1
88.12
97.98
3
21
132.67
86.87
83.84
137
88.89
52
105.94
130.3
84.69
1
72.73
103.03
36
129.59
78.79
109.18
68.32
177.78
107.14
46.46
12.12
62.63
141
124
16.16
126.26
69.31
27.27
130.61
151.52
42.57
5.05
132.65
155.1
83
6
40
188.78
99.01
122.22
96.04
3.03
65.66
162.63
28.71
118.81
44.44
155
78.79
112.12
155.56
96.97
3.03
77
62
72.73
16.83
12
500
74
171.43
178.79
169.39
174.49
138
133.33
135.64
154.55
168.69
133.67
123
142.27
187.88
151
129.7
174.75
133.33
178.35
187.63
105
76.24
163.27
173.47
180.81
115
177.78
125.51
175.76
147.06
144
133.33
20
91
170.71
134.69
160
112
161
136.63
106.93
160.61
140
85
153.06
70.3
156.57
117
167.68
171.43
153.54
143.43
156
93.88
66.67
94.95
69
119.19
156.57
140.4
139
143.56
140.4
96.94
90.91
133.67
135.71
116
182.83
145.92
166
127
153
140.4
168.37
42.57
162
114.85
181
167.35
167.35
134
158.59
149.49
175
135.71
78.22
93.94
179
146.94
156
117
123.76
36
0
0
34.34
12.87
53.54
31
75
0
14
0
0
0
0
0
0
3.02
2.04
0
2
7.14
0
1
2.04
0
1.02
0
0
1.01
0
6.12
0
0
1.02
3.06
2.08
0
0
1.02
0
0
6
0
0.49
1.51
0
2.04
0
0
1.01
0
0.37
1
0
0
0
0
0.64
1.01
9.38
2.02
3
1.22
3.03
3.76
2.02
63.37
63.64
165.98
122.45
126.26
147.42
81
93.94
26
53
0
2
48
76
117.17
156.57
139
160.19
72.45
92.93
60.61
93.07
2.02
90
16
51
147.47
188
112
52
127.55
87.13
50.51
8.91
131
60
28
134.34
138.61
99.01
128.57
156.12
134
4.04
2
98.98
56
68.32
147
101
181.63
171.43
100
96.97
3
0
129
86
16.16
29
57
201.04
188.12
172.73
74.75
67.68
1
76
83.84
34
57.14
120.2
163.27
174.49
120
60.2
74.26
22
63
181.82
60
67
100
179.8
102
104.04
136.73
118
2
68.37
4.95
116.16
41
196.97
120.2
89.9
96.97
137
52.53
22.22
42.42
177.78
63.64
91.92
155.56
55
124.74
101.02
126.47
62.24
1
44.44
141
73
84
118.37
85.86
189.8
156.12
130.3
7
64.32
128.28
29
91.09
105.1
88.24
149
157.58
84.16
25
3.03
138.78
93.94
41
144
109.09
148.51
124.75
28.28
119.39
51
21.78
52.53
115
10
86.87
34
142.42
140.2
150
89.9
100
1
103.06
97.03
86
13.13
34
130
181.44
127.27
153.06
98.98
18.18
58
134.34
43
126.53
29.7
159.6
185.71
132.32
105.05
17
6
109.9
33.33
98
112
79.8
184.54
39.6
77.78
0
24
124.49
145.36
157.14
108.08
145.92
186.87
34.34
161
192.93
146.46
183.84
117.17
82.83
119.8
168.37
192.93
182.83
52.48
150
169.7
159.6
53.54
185.86
134.34
172.45
209.09
90.91
95
83.84
171.43
198.98
78
161.62
130
228.87
190.82
191.92
137.37
102
130.69
212
135.35
139.8
115
178
191.92
188.89
100.99
166.33
125.51
153.54
139.8
109.09
98
182.65
179.59
190.91
150.51
135.35
181.63
120.2
155
179
117
236.36
202.04
195
38
113.27
168.69
112.12
154.08
211.22
124.24
189.8
179.8
211.11
158.59
93.88
163
154
89
195.96
97
195.92
187
214.14
181.63
75.25
67.68
0
0
29.7
67.33
38
0
0
9
0
0
0
0
1.01
0
0
1
0
1
0
0
0.33
0
0
0.49
16.49
8
0
16.49
5.36
1.04
0
0.49
0
0
0
4
32.63
0
0
0
3.06
6.25
1.02
0
1.01
2.75
3.12
0
3.09
2.06
7.07
5.05
2.04
0
0
14.14
0
1.01
0
0
0
46
67.68
160
161
140.82
118.18
123.23
54
25.25
4.04
65.66
121.43
74.75
144.9
141.84
70
109.9
114
129
49
1
41
156.57
135
77.23
104.95
88.24
145.54
157.84
55.45
42
2.02
54.55
167.68
123.23
2.02
60
48.48
129.29
121.43
92.93
102.02
26
96.94
88
117.82
76.77
109.28
96.94
126.26
75.76
97.98
105.94
38.38
43.43
117
123.71
77
84
24.24
108.08
147.96
119
82.83
5
96
140
123.71
6.93
29.7
29.29
32.32
148.48
119.61
100
1.01
104.95
87.88
170
62.63
34
88
121.21
95.96
135.71
59.6
0
64.65
160.61
72.45
124
51
54
104
131.31
101.01
90.91
2
87.76
133.33
82.83
115.15
102.97
24
26.26
85.86
144.9
25.51
106.06
117.35
140
131.96
147.47
158.16
25
24.75
116
54
6.93
1.01
57.43
136.73
149.02
177
131.31
86
82
58.59
90.82
45
4
2.97
155.1
171.43
136.36
141.41
86.87
82.83
121.21
55
61.62
7.92
12
115
164.29
114.71
139.8
78.79
139.39
59.18
119.42
3.03
57.14
38
54
56.44
112.24
90.91
74
126.53
126
100
130.61
14.14
40.4
51
82
61
112.12
71.29
162.63
128.57
136.27
71
2.97
84
34.65
122
78.79
47
64.65
48.51
180.41
154.55
112.12
9.09
26
166.67
61.62
205.05
8.08
30
180.81
181.82
157.58
174.23
133.33
110.1
187.88
166.67
153
118.37
124.49
197.96
167.35
173.47
110.1
110.1
183
139.8
158.16
136
175.76
170.41
158.59
30.3
131
53.47
158
136
142
110
161.62
157.43
180.61
160
114
98.99
183.67
136
158.59
153.54
168.69
188
143.43
169.07
84
90
321.21
376.53
298.99
146
215
106
161.22
113.27
112.12
54.55
55.88
112
26
84.85
94.95
88
167
146
97
120.79
66.67
51.49
153.54
141
186.14
167
146.94
152
157
117.35
133.66
132
33
93.94
196
172.28
177.78
201.98
161.62
123
111
115.15
113.13
38
167.68
175.25
155.56
181.19
145
151
178
125
167
92.93
119.19
143
86.14
0
0
47
22
36
54
54
98.02
26.26
6.93
0
0
0
0
0
0
0
0
0
0
0
0
0
1.02
0
0
1.01
0.33
1.02
0
1
0
0
1.01
0
0
1.01
0.43
0
8.16
8.16
5.08
2.02
8.08
8
8.25
3.77
0
1.03
0
0
0
0
1.02
0
0
0
0.28
0
1.01
3.19
75.76
112.87
113.13
110
184
139.39
103
100.99
91.92
113
52
16
26.73
3
14
165.66
15.84
180.81
148
167.68
181
130.3
11.88
45
139
121.21
77.23
2
9.17
127.27
12
82.18
64.65
156
100
197.98
125.74
97.98
139
75
90.1
75.76
1
2
10.1
6
44.44
124
39.39
157.58
137.76
159
197
77
101
153
97
3
20
92
2
2.02
0
23.76
111.22
30
131.63
178.57
183.17
43
60
116
118
110
21
107.92
60.61
13
10
27
109
3
39.6
163.64
149
169
161.62
100
48.48
0
39
120
102
165
168
6.93
4.41
112.24
41.41
43.43
171.13
194.95
185
141
25
104.04
44.55
83
67
75
31
3
31
156
4.04
20
141.84
171.57
150.51
147.52
113
86
45.45
85.15
182.83
45
13.86
85
7
0
2.02
115.31
37
31
186.87
118.56
184.85
201.98
34
24
74
157.58
115.84
81
15.15
5.94
15
35.35
104.08
13.13
41.58
170.71
184.31
180.81
170
43
89.9
0.98
2
61.62
111
113.86
155.56
0
18.63
150.51
31
74.26
135
165.69
127.27
121
104
