13.11
2
0
0
0
12
0
0
0
0
0
0
1.28
0
0
1.08
0
1
0
2.25
0
1.22
0
0.94
0
0
0
0
1.01
0
0
1.04
0
0
0
0
0
1.03
0
0.38
0
0
0
0
1.04
0
0
0.55
0
0.45
0
1.02
0
0
0
0
2.08
2.17
0
0.58
3.06
5.05
3
1.02
8.08
4.04
0
1.02
0
10.1
0
0.31
0.28
0
1.03
0
0
0
1
0
0
0
0
0
0
0
0
0
1.02
0
0
0
0
0.38
0
0
1.02
0
0
8.52
0
0
0
1.04
1.02
0
0
0
0
1.04
0
0.42
0
0
0
0
0.31
0
0
0
0
1.03
0
0
0.28
0
0
0
0
0
3.04
2.06
4.04
1.04
1.02
1.01
0
0
0
0
0
0
0
0
1.02
0.22
0
0
1.02
0.16
38
34
8
32.65
19
37.37
21.21
39.6
24.75
35.35
26.26
70
41.41
61.39
34
16.16
38.61
16
31.37
37
52
101.98
111
2.02
49.5
50.51
108
110.89
98
34.34
135.35
65.66
70.3
88.89
42.86
11.88
138.78
129.59
154.55
72.73
108
112.12
114.29
18.18
104
23.23
1
44.9
114.85
144.33
201.02
82
136.73
21
97.96
65.31
8.91
86
9
1
154.55
152.58
165
118.37
88.78
53
53.54
27
46.53
4.04
61.22
159
159.18
143
151.52
57.58
66
60
101.96
24.24
95.05
32
25
154
189.69
159.6
58.59
62.63
67.68
65
146.94
15.84
67.68
45
3
115.31
152.53
74
94.95
113
69.39
102
110.1
88.78
64.36
29.29
4
54
48
103.03
157.29
158.16
172
81
103.03
114.29
9
71.72
47.06
1
18.18
147.96
165.66
144
177.55
83
77
47
34
27
65.35
0
0.99
105.05
170.41
144.44
139.39
80.81
89
61
67.33
115.84
10.2
2
225.25
191.92
153.54
80.81
101.98
87.13
86.87
29
100
3.03
43
137.76
153.54
94.95
112.12
46.46
152
67.68
48.48
87
68
0
6.06
22
137.76
96.08
178.35
150.49
116.83
70
134.69
88.89
127
1
10
28
130
158.59
247.96
166.67
206
72
114.14
70
45
37
82
6.06
138.78
102.97
176.53
123.47
96.97
36
26
20.2
63
104.95
3.03
95.92
132.67
149
194.79
72.73
32
47.47
54
125.25
81.44
2
97.98
158.76
116.16
110
86.73
114.14
22.22
29
120.41
57.43
68.69
0
23.23
59.6
80.81
128.87
131.31
113
91.92
69.31
27.27
127.27
1
49
113.86
89.9
105
97
80.81
81.82
85
26.26
90
75.76
7.07
40
102.97
19
5
82.83
99.01
119.19
36.36
98
89.9
86.87
111.22
48.48
80
3.03
0
105
81
61.62
97.98
72.73
108.08
117.17
105
71.72
77.55
14.85
18.18
49.49
27.72
96.94
106.06
124.74
85.71
102
114.56
86.73
101.01
10
1.01
0
24
42.16
78.79
103.03
126.26
107.07
119.8
121.21
79.8
65
77
19.19
73.27
41.84
37
34
9
100
91.09
87
124
75
83.84
87.88
53.47
37.76
69
1.01
37.37
21.78
118.37
118.37
48.48
79
75.76
85.86
115.31
52.48
75.51
1
10
49.49
102
44.44
120.41
90.91
129.7
87
85
20.41
85.71
3.03
58.42
46
36
112.24
116.16
84
84
49.5
116.16
107.07
99.01
68.32
36.36
12
78
4.04
5.05
89.9
128.57
122.45
114.71
108
103
97.96
38
67
45.92
3
24
39.39
113.27
119.8
75
54.55
69.7
52.48
97.96
79.8
57.58
96.97
39
39.39
58.59
2.02
85.86
72.73
71.29
83.84
128.71
130.3
119.39
60.61
26
27
42
2.97
45.92
89.9
121.43
125.25
117.17
94.9
107.07
43.56
54.08
28
5
31
97.96
94.95
112.12
110.1
123.23
22.22
91.92
75
62
3
29
109
72
36
124.24
70.71
105.05
100
78.22
89.9
40
37
111.11
83.84
26.26
23.76
103.06
106.06
88
97.03
96.97
83.84
116
71
104.95
13
2
24
38.38
61.62
2
80.81
120.41
95.96
122.22
119.39
109
58.42
23.23
12
39
46
27.27
14
113.13
119.39
111.11
84
94
88
89.9
14
117.82
7.92
1
46
71.29
52.53
101.01
81
127
121.21
100
67.33
92.93
1.01
5.94
42.42
29.7
85.86
114
116.16
128.87
105.05
108.16
89
35
9.63
55
120.2
120
115.31
115.15
124
92.16
78.57
2
0.99
103.03
24
53.54
90.1
106.12
23.23
118.18
89.9
92
46
92
82.83
47.96
53
109.9
3.03
94.9
59
85
83.84
118.18
105.94
104.08
11.88
62
60
66.67
1
50.51
84.85
121.21
120.79
122
88
102.02
28.28
29
97
7
32.27
107
112.12
95.92
108.16
107.07
53
73.47
5.05
62
31.31
52.53
118.18
85.86
105.05
123.47
60.4
47
87.88
84.69
62
2.02
45.45
37
52.04
154
116.33
82.18
11
86.87
89.9
111.11
118.18
14
82.83
52.48
44.55
81
16
0
1
98
128.57
112
107
113
47
83.84
61
73
0.99
4.04
122.22
98.99
102.02
125
81.82
71.29
58.59
76.53
83.17
1.01
102.94
52.53
66
103.03
111
67.35
22
126.26
68.69
57
45.45
15.15
48
111
121.21
117.17
128.57
99.01
111.34
36.63
51.52
68
2.02
36.59
122.45
76
11
15.15
539.18
55
93
112.12
118
22
85
90.91
146.94
155.56
164.65
122.22
135.71
116.16
186.87
150
56.57
90
97
128.28
203.06
90.91
157.14
168.32
210.1
146.46
152.53
38.38
138.78
192.86
166
115.15
155.1
149.49
148.48
150.51
130.3
12.12
18
126.26
207
143
139.39
158
174.75
157.43
130.93
96.04
159
150
173.47
137.76
71.29
147.96
156.12
131.31
140
123
150
188.78
174.75
117.17
69.7
96.04
169.39
159.18
152
98.99
128.28
168.37
178.79
168.04
107.07
61.62
143
158.16
150.51
118.18
151.52
177.55
179.8
131.63
56
102.02
111.11
143.14
122.22
116.16
132.32
167.68
156
94
100
99
161.62
127.27
103
116.16
127.27
156.57
151.02
162
144.44
148
152.58
135.64
95.96
134.02
91.09
161.62
189
180
80.61
89
187.88
138.78
118.18
26
90
174.26
161.62
151.02
133
116.33
141
140
123.23
58.59
20.2
107.07
172.73
167
144.9
117
175.76
147.47
127
114.29
89.11
97.98
153.06
109.09
53
43.43
90
96
84
92.93
80.81
100
109.09
122.22
85
67
71.43
82.18
100.99
82.18
95.92
115.15
129
110.1
103.96
97
93.94
88
83.84
96.97
87
117.35
123.47
120.41
127.27
110.1
84.85
97.98
79.8
92.93
109
119.39
126.26
110.1
114
116.16
148.51
106.06
89.9
63
100
117.17
133.67
130.61
102
113.27
107
100
107
48
96.94
111.11
132.32
111.11
118.81
114
97
110.1
111
107
40
112
101
109.18
110.89
88
110.1
63
105
90.1
74.75
32
98.98
112.87
121.43
95.96
98
108.16
109
89
107
120.41
109
117.17
79.8
103
112
94.9
110
96.97
104
168.69
126.53
127.27
100
30
99
81.82
110.1
76.77
83.84
109
103.03
123
108.08
114.14
90.91
73
105
70
105
115.15
127
112.12
119.8
101
91
84
96
89
127.27
106
119.19
126
114
100
114
45
92.86
93
87.88
122.22
110.1
135.71
107
84
56.57
90.91
74.26
138.14
100
124.74
120.41
137.37
78.79
104.04
126.53
94.95
84.85
39.6
107.14
113
119.8
114.14
113.13
98.02
120.2
108.08
38
74.26
23
109.09
107.07
115.84
115.15
118.18
134
103
88
73.27
102
105
90.91
96.94
109
102
110.1
101
34.34
54
96.97
121.43
128
132.65
57.58
100
100
116.83
78
36.36
170.71
114.14
129.29
123.23
104.04
59.6
139.39
107.07
93.07
58
89.11
126.26
138.14
101
95
73
91
110.2
108
69
89.22
119.59
130.39
118.18
108.08
80
112.12
96.04
71.72
78.22
95.96
101
112.12
111.11
110.1
110.1
125.25
110.1
68.32
85.86
77.78
113
124.49
125.25
118.18
121
120.41
113.13
139.8
52.48
67
118.81
68.37
0
0
23.23
50
40
14.14
16
5
14.14
52
34.34
40
29.7
45.45
50.51
50
17
29
5
32.67
49
10.89
16.16
50.5
31.31
82
30.69
8.08
31
33.33
0
0
11
0
0
0
0
1.03
0
0
1.05
0.39
0
1.04
0.46
1.03
0
1.01
0
0
0
0
1.02
0
0
0
0
1
1.05
0
0
1.04
0.15
1
0
0
0
1.05
0
0
0
0
1.02
0
1.05
0
0
1.01
0
0
0
0
2.02
2.97
10.2
3.09
2.08
8.08
2.11
0
0
1.03
0.39
0
0
0
1.05
0.27
0
0
0
1
0
0
1.01
0
0
1.04
0
0
0
0.46
0
0
1.02
0
0
0
1.02
0
0
0
2.48
1.03
4.58
2.11
1.02
0
0
0
1.04
0
0
0
0
0
0
0
1.03
0
0
0
0
0.33
0
0
0
0
0
0
1.01
0
0.28
0
0
0
0.45
0
0
0
1.03
0
1.03
4.08
1.02
12.24
1.03
1.03
1.01
8.08
1
0
0
0
0
0.5
0
0
1.03
0
0
0
1.03
0
0
0
0
0
0
67
15.15
19.19
21.78
23
57.58
19
48.48
45
41.41
31.31
48
84.69
102
104
9.9
60
59.41
48.48
77.55
98
77.55
113.73
97.06
91.84
2.97
20.79
103
93.88
35.64
25.25
77
67
86.14
3.03
69
110
44
95
90
74.49
97.03
96
52.53
121
2.02
29.44
98
114.14
95
101.01
108
108.08
56
96.04
3.03
44
17
28.28
44.44
81
113.13
100
116.49
92.93
90
126.26
53.54
78.43
16.3
102
10.1
47.52
72.73
103.06
105
63
90.91
71.29
81.19
22
70
63.37
64.65
4
47.47
58
41.41
81.63
99
95.96
110.2
102.02
101.02
74.26
81.82
70
42.57
22
51.52
12.12
0
29.29
112
108.08
121.43
105.05
96.97
54.55
92
46.46
59.6
30.3
2.02
1
91
97.98
117.17
88
93.94
92.16
129.59
24
16.83
48
63.64
2.97
91.84
50
51
109.9
108.08
124
66.67
96.08
69.39
15.69
20.2
47
3
37.37
120.2
121.78
75.25
96.04
129.29
82.83
103.03
48
74.75
77.78
17
29.29
40.4
87.88
126.26
122.22
116.33
89.8
27.45
110.2
100.99
9.09
9.09
27.27
30.69
126.53
95.92
57.58
75.76
123.23
119.19
108.08
62
23
28
18.18
62.38
25
71
119
107.07
117.82
103.03
63.37
79.8
73
11
1
45.45
77.23
62.63
121.78
109.9
101.98
122.45
96
47
61.39
1.01
0
113
89.9
94.06
61
94.95
109
95.92
20.2
59.41
77.78
36.63
96.97
77
30.3
50
101.02
85
101.02
71.29
42.42
115.31
113.27
43
52.53
56.57
59.18
83
1.01
48.48
74.26
121.43
110.1
74.75
61.62
17.65
61.22
91
41.18
66.34
87.88
92.23
131
29
3
42.57
2
106.06
63.37
107
112.87
90.91
120.41
66.67
18
122
2
12.5
110.1
112.12
118
118
121.21
100
71
12
26
31
9.09
118
88
114.14
107
113
96.04
44
8.08
41.41
91.09
25.51
34.34
75.49
55.45
82.83
115.15
90.82
107
65.66
118.18
93.94
14
15
89.9
87
110.1
100
169.07
76.24
138.78
113.86
85
1.01
18
163
171
48.48
46.46
77
161
166.33
134.69
125.25
1.01
5.05
150
95.05
107.92
24
72.73
175.51
125.25
108.91
115.15
74.75
54
1
1
56.57
8
190.91
186.6
118.81
141.84
111.22
83
91.84
3.03
14
44
97.98
147.96
144.44
155.56
124.24
131
90.72
36
3
10
58.42
158.16
55.56
133.67
150
190.82
109
97.96
106.06
2
18.81
130.3
52.94
73
164.29
116
165.31
56.44
86.87
4.04
36.63
57.58
47
24
135.71
92.93
153.47
139.39
308.16
195.96
156.57
155
1.01
3
39.39
93.94
9.09
28
108.91
65
106
143
133.66
78.79
55
81.19
97.98
47.52
81
0
1
10
60.4
78
54.55
61
173.2
85
141
175
136
54
123
100.99
108.08
61
0
29.38
98.98
17
139
180.81
162
152.53
79
45.54
70
97.98
61
108
2
18.21
74
35
106.93
158
174
79
125
108
96
97
35
113
44
3
29.7
19.8
22
156.57
72.73
119
106
175.76
149.5
102
122
85
89.9
21.78
0
2
6
13
134
31.31
152.48
138.78
39.39
140.59
90
120.79
29.29
95.96
114.85
87
84.16
0
9.09
5
42.86
121.21
2.02
8
61
159.18
177
146.46
149.5
56.57
98
84.16
91
151
39
3.03
31
12.12
30.69
100
17.17
120.2
81.82
87
111
94
101
53
94
64
56
42
0.99
0
21.18
71.72
16.16
25.49
84.16
85.29
96
92.93
103.03
121
126.73
96.04
39.39
57
0
1
9.9
8.08
49.5
93.94
8
87.88
106
117.82
124.24
92.16
48.48
26
103.96
104.04
74.75
32.35
1
0
16
33
74.49
18
109.09
109.09
99
101
107
94.06
126.26
36
76.24
42.42
92
1.98
0
20.43
81
48
102.02
64.65
15.84
94.95
111.88
124
49.49
121.78
96
38.38
54
1.98
8.08
10.1
29.7
109
24.24
60
116
109
98
64.36
112.12
116
103.03
98.02
74
6
3
2.02
18.81
42.42
64.65
104.04
122
116
117.82
125
84
92.93
75
14
109
68
1
0
10
78.22
59
8
99.01
51.49
136.36
113.13
124.75
119
103.03
80.2
81.82
76
8
13
0.99
7
13.13
33.66
