3.56
0
0
0
0
0
0
0
0
0
0
0
0
0
0
3
0
0
0
0
0
0
0
0
0
0
0
0
0
0
2.02
0
0
0
0
0
0
0
1.04
0
0.18
1.06
0
0
0
0.24
0
0
0
1.01
0
0
0.99
2.08
0
0.31
0
0
0
0
3.09
0
1.04
2.3
32.63
1.05
4.04
1.01
4.95
2.08
5.21
3.06
29.59
4.89
1.06
0.2
0
1
0
0
0
0
0
0
0
0.36
0
0
0
1.04
0
4.08
0
2.08
1.04
1.03
0
5.15
31.63
2.06
1.01
3.06
14.58
2.08
20
2.08
0
1.03
0
2
2.9
1.01
0
0
1.01
0
0.35
0
0
0
1.03
0
1.08
0
0
0
1.04
0
0
0
0
1
0
0
1.02
4.3
1.03
7.14
2.06
0
0
0
0
0.25
1.02
0
20.52
95
105
95.96
93.94
91.09
90
69.7
61
78.22
30
1
36.36
46
105.1
80.81
100
91
113
104
42.57
93.94
58.59
18
17
15
76.77
96.04
92.93
103
92.08
104
103.03
51.49
83
54.55
34.65
55
68.32
2
72.73
91.92
85
98.02
102.02
86
77.78
94.95
15
37.62
89.9
24.24
3.03
87
99.01
95
107.92
104
76.47
91
33
16
74
82.83
0.99
2
103.03
120.2
116
111.11
60.2
115
46.46
41.18
58.59
82
20
3.03
86
100
101.02
96.04
91
97.98
37.62
39
63.37
89.11
68
4
60
91.92
104
108.08
76.77
70
43
81.63
79.8
63.37
3.03
57.14
95
104
105.05
87
108.08
45
53.54
81.63
82.83
26.26
6
98
102
94.95
89.9
72
100
46.46
40.4
81.82
71.72
73.27
119.19
64.65
71.29
82.83
46.94
3.96
56.57
84.85
83
82.83
83.17
73.74
34
72
97.98
76.77
94
83.84
70
105.1
77.78
52.53
10.95
49.5
113.86
111
103.03
101.01
91.09
96.04
73.47
70.3
2
17
59.18
37.37
83
106.12
109
103.06
92.93
104.04
76.77
58.59
0
13.13
41
47
95.96
112.24
100
101.98
107
95
75.76
54
2
11.54
101.96
95
105.05
108.91
110.1
102.97
63
76.53
52
0
9.09
52
103.06
104
88.89
113
112.12
94.9
67.33
93
8.08
5.05
55
45.54
87
119
89
109
100
99.01
77.78
78.22
1
3
42
61.62
73
78.22
102
119.19
100
88
67.33
93.94
12
7
60.61
49
76.24
99
108.91
93.94
94.9
87
73.27
91
1.98
2.97
66.67
38
83.17
107
96.94
102.02
107.07
107.07
64
67.68
2
38
46.46
38.38
103.03
85.86
137.37
110
108
95.92
66.34
76.77
0.99
23
46.46
28.71
71.72
95
105.94
87.13
94
104.04
74
94
16
1
38.38
45.45
87.25
109.18
100
114.29
100
101
62
48.51
22.98
49
69.31
112.12
102
105.1
99
82.83
72
63
2
38.61
54.46
37.37
74.75
95
107.14
100
104.04
97
78
100.99
1.01
36.36
55.56
48.48
83
104
98.99
96.04
101
90.91
66
38.38
2
55.45
75.25
93
89.32
67.68
81
42.42
71.72
100
73.27
64.65
85
87
79.8
27.27
1.01
63
79
84.69
87.13
76
58.59
38.78
61.39
104.12
74.26
86.87
92
72.73
75
47.47
2
35.35
87.13
72.55
139.18
72.73
69.7
93
43
67.35
104
61
75.76
76.24
82
78.79
19.19
3
70
86.14
107.92
74.26
73.74
87.88
32.67
69.7
101
79.8
22
3
86
113.13
110
105.15
73
65.31
44
44.55
76.77
91.09
2
33
98.99
98
105.1
96.97
80.81
48.04
43
67.68
64.65
76
1
27.27
89
98.99
94.06
105.1
82.65
92.86
82.35
49
71
95
1.98
10
98
101.96
94.95
124.75
90.91
94.12
54
68
115.69
46
35
176.77
164.65
135.35
106.93
120
95
72
34.34
115
45
36.36
170.41
178.79
146.53
124.75
105.05
97.03
71.43
47
96.04
25.74
8.08
153.47
131.68
160.61
146.94
117.17
132.32
84.85
71
60
20
4
162.63
186
186.87
154.64
88.89
108
117.17
33
63
4
96.97
184.69
180.2
170
83.17
81
71.29
81
51.49
76.24
18.18
46.53
176
167.68
172
107.07
107
118.18
88.89
39
77.78
2.02
126.73
177.55
162
132.32
106.06
87
93.07
101.02
19
96
3.03
98
157
157.58
181.82
141.41
105.05
88.89
89.9
67
67.68
32
51
175
106.06
122.77
116.16
110
105.05
60
70.71
46.53
53.06
1
33
114.14
113.73
103.03
112.12
123
80.2
78.22
65
23.23
55.56
3.03
90.2
109.18
101.01
130.3
76.24
100
92
50
57
45
52.53
3
75.76
123.71
150
107.07
126
86.87
102
77.55
43
54.55
42.42
37.98
120.2
130.69
98.98
109.9
87.88
88
65
34
68.32
25.25
33
111
99.01
102
132.65
111.11
102
70
44
30.3
70
2
73.74
100
111.11
75.25
98.97
105
89
66.67
69
24.24
2.02
24.24
117.17
118
131.31
110.89
104.04
115
73.74
59
39.8
73.74
20.79
22.22
51
26
407.14
107
91
96.97
113.27
104
96.08
98
103.03
92.08
106.06
101
95.96
90
96.97
95.96
96.94
99.01
100
89
83.17
91.92
96
97.98
100
88.89
99
96.97
102.02
97.98
78.79
98.99
106
96.94
106
93.94
134
64.65
88.89
109.09
106.12
86
101.96
98.99
103.03
77.78
109
111.11
97.98
105
112
101.01
98
109.18
74.75
80
109
118
83.84
97.03
90.91
106.06
93.94
94.95
104.9
97.96
95
73.74
81.82
106
105.05
104
115.31
95
101.01
89
115
100.99
82.83
92
94.95
98.04
103.06
101
159.6
96.97
97
99
94.95
108.08
100.99
109.09
104
94
105
98.99
115.15
93.88
88.89
90
92.93
112.87
94
96.04
102.04
90
110
96
92
100
101.01
97
113.13
93.07
99
92
104.9
94
98.99
65
112.12
95
116.16
85
92.93
93.94
104
112.87
102.02
108
105.05
91.92
104.04
97.03
90
96
118
101.01
110.1
138
84
99
90.91
104.04
111.11
95
106
92.08
103.06
106.93
98.98
105
92.08
99
105.05
89.9
107.07
95
98.99
101.01
91
109.09
82.83
64.36
109
83.67
112.12
92
102.97
100
96.97
109.09
110
103
94
98.99
118.18
105.94
113
104
103
96.94
101.98
102.97
100
93.07
91.92
95.05
144.44
103.96
93.94
110.1
92
106
86.87
83.84
108
87
96.94
92
103
106.06
91.92
104
96.97
93.94
98
95
99.01
87.88
63
110.89
90.91
103.96
103
91.92
89.9
92
104
97.98
107.07
93.94
102.02
108
107.07
95
99.01
90.1
93.94
136
93.94
90
95.96
93
91.92
108.08
89.9
91.92
117.17
105
105.05
89
104.04
122.22
104.04
93
94.9
91.09
107.14
103.03
100
109.09
94.95
102
112
100
94.95
94
108.08
104
91
79
92.08
114
98.99
90
93.94
88.89
105.05
93
111.88
104.04
103.03
98.99
99
102
95.96
89
100
100
101
103.03
142.86
111
107
78.79
91.92
80
118.37
124.24
99
104.04
105.05
103.03
100
104
98
94.06
94.95
93.07
97
89.9
102
102
83.17
101.01
145
108.16
173.74
167.68
104
170
157.58
164.36
181.82
189.22
163.64
159.6
175.25
179.8
185.86
171
171.43
182.65
209.09
176.77
170.71
177.55
178.57
161
173.74
163.27
149.5
173.47
173.74
177.78
162.24
183.67
170
166
181.82
167.35
165
163.64
178.79
176
138.38
158.16
179.59
174
176.24
175
166
169.7
181.82
167.68
173.74
161
169.7
134
127
72.28
98.02
106
115.15
109.9
113.13
95.96
122
105
120
118.18
93.94
103.96
112.24
120
123.23
116.16
117
145.45
120
111
107.07
94.95
113.13
127
105.05
118
115.15
121
111
119.39
121.43
104
127.55
37
0
0
70
67.35
46
38
53.47
54
41.41
40
50
75
50.5
45.54
67
44
33
54
45
50
54
62.38
54.55
57.58
42.57
43.43
69
65
62
65.31
29.29
23.23
0
44.55
0
0
0
0.5
0
0
0
154
0
0
0
0
0
3.03
0
0
0
0
0
0
1.01
1.06
1.04
0
0
1.04
0
1.04
1.03
0
0.75
0
0
1.03
0
0
1.03
0
0.4
0
0
0
1.03
4.21
1.06
2.84
0
3.03
1.53
1.05
0
0.46
0
1.01
32.23
1.05
1.03
0
2.22
1.01
11
2.02
6.45
10.42
0.53
0
0
0
1
1.04
0
5
11.22
0
0
1.01
0
0
0
0
1.09
0
0
0
0
0
0
0
1.04
0
0
0
1.04
0
0
0.39
0
0
1.05
0
0
0
1
0
0
0
0
5
3.23
2.06
9
10.2
0
0
0
0
0
0
0
0
1.01
0.15
1.01
0
0
0.3
0
0.09
1.03
0
0
11.91
0
0.36
2.29
37.37
48.98
43
34
34.34
35
42
51
48
38.61
51
32
59.6
46.46
39
34
40.4
38
58.59
25.25
29.15
93
106.06
108
110
117
119.19
94
34.34
114
11.88
9.09
96.08
101.01
35
67
120
126.73
100.99
68
109.9
2.02
66
63.37
118.37
76
63.37
123.47
101.96
101.01
104.04
82.83
72
2
53.54
88.78
114
41.41
69
104
102
118
71
78
2
57.58
78.79
104.08
76.24
36.36
77.78
107.92
121.21
88
94.95
1
36
92.08
114.29
76.77
54
113.13
117.65
101.98
51
82
1
47.96
102.04
70
95.05
52.53
87
113
105.94
76
115
2.97
65.66
113.13
68
117.17
73.74
47.47
93.88
108.91
78.57
83.51
2.02
67
114.29
74
71
105.05
34
58
120.41
73
110.89
14.85
2.02
115.15
135.71
90
118.18
48
64
126.53
88
80.81
87.88
18.18
28.28
116
97.98
81.19
89
86.87
54.55
113.27
97
85
45
5.05
115
95.05
124
81
90
34
76.77
94
98.98
27
5
92
103
120
82
114.14
21.21
71
103.96
81.19
47
1
17.82
109.09
100
84
95.96
86
35.64
101.98
81
87.25
39.8
5.05
123.76
116
91.92
103.96
84
45
98.98
63.64
106.93
2.02
47
106
106.06
109
75.76
116.67
60
34
101.02
84.85
66.67
1.01
68.69
96
116
117.17
90.91
93
33
82
80.2
66
2.97
25.25
89.9
117
115.69
86.87
88
84.31
42
63.64
95.96
33.33
1
71.72
102.97
107.07
107.07
109.9
77.78
111.11
24.75
18
93.94
18.18
23.23
96.97
138.38
110.1
108.91
86.87
63.37
79.59
89.11
56.44
71.72
2.02
6
85.15
36
55.88
87.88
97
104.95
111.11
103
60.61
89
1
3
81
36
34.65
92.93
101
108
87
89
81.19
104.08
26.26
1.01
76.77
52.48
48.51
104
95
96
102
104.08
76.77
52
3.03
14
103
32
52.53
91
101
108
113
97
88
7
3
88.89
48.51
31.31
87.13
103.06
104.04
97.06
97.98
80
75
90.1
59.41
55.1
30
46.53
3.03
52.48
88.89
97
106.06
117.17
103
79
73.74
72.73
36
60
22.22
7.07
105
108
102.97
102.02
75.76
93
80
47.47
36
42.57
10.1
33
102.02
186
102.02
107
161.62
280.81
215.15
171.29
137
49.49
0
2.75
19.19
75
21
58.42
48.51
79
94
77
101
94
100
70
73
81
10
3
56
52.53
64.65
46
38
105.05
82.18
93
92.08
114.14
79.21
94.95
67
27.72
4
49.49
53
56.44
31
31.68
98
85
104.04
93
104
127.72
98
51
1
32
94
17
95.05
50.51
31.68
72
94
66
109
102
82
96
0
17
62.38
74.75
56.57
100
74
91
42
52
96.97
88.12
88
78
45
22.55
86
53.47
90.91
100
56
107
41
49
87
68
87.88
77.23
1
27
72
53
92
100
95
77.78
92
56
34
92
83.17
64
78
40
3.03
52
71.72
50
102
109
79.21
101
34.34
38.61
47
102
64
96
2
7
77.78
115
42.42
103.03
92
86
98
74
86
38.38
45.54
89
60.61
27.72
3
40.4
72
61.62
91
130.69
100
91
70
97.98
49.5
39
64.36
78.79
10
29.7
50
81.63
56
105
92
94
95
94
92
95
44
53.54
30.69
1.98
26.26
93.94
49.5
87.88
92.08
92.93
95
83
99
89
48
102.02
53.47
65.35
28.28
2
27.18
57.84
43
92.93
95.96
96
96
102
90
154
58
76
30
87
24
8.8
94.95
32
100
103.96
80.2
87.88
92
97
136
72
85
91.09
43
2.02
0.99
24.24
152
31.31
105.05
185.57
175
155
137.37
49.5
2
48
64
164
132
183.17
49.49
8.97
141
51
92.08
186.6
164.65
164.36
125
104
50
92.93
115
113
80.2
0
90
19
63.37
87.76
66
139
160
169
171.72
73
78
44.55
96
98.99
94
3
38
65
24
164
108
126.26
167.65
138
117.17
132
72
113.86
40.4
96.04
1
36
154.55
37
66.33
157.43
102
151.52
169
127
110
137
110.89
111
2
30.69
45.45
25.49
44.44
53
114.85
120.2
103.96
77.78
112
111.88
112.12
97
92.08
74
44
86.87
609.28
476.29
111.88
100
109
115
108
115
113
123
105
118
116
118.18
113.13
99
103.96
119
98
119
111.11
108.91
107
104
109
118.18
103.03
126
