0.15
0
0
0
0
0
0
0
0
0
0
0
0
0
0
0
0
0
0
0
0
0
0
0
0
0
1.01
0
0
0
1.06
0
0
0
0
0
1.02
0
0
0
0
0
0
0
1.04
0
0
0
1
0.15
0
0
0
0.32
1.03
0
0
0
0
0
1.03
0
0.55
1.03
2.25
3.09
0
1
45.45
155.56
127.72
26
91
83.17
64
146.46
88
92.93
135
127.84
61
110.2
27.27
2
20
64.65
121.78
100.99
150
180.61
106
101
73.74
39
94.06
4.95
53.06
70.71
134
142.42
153.61
112.12
92.93
101.01
105.05
88.89
5
33.33
69.7
58.59
125
152.04
127
104
146
121.21
45
0
15
76.77
46.46
131.31
110.89
153.61
158.16
93.81
115
110.1
47.52
0
1
86.73
20.2
60.61
159
131.31
152.53
121.43
109.9
49
0
12
58.42
94
40
160.4
160.2
135
107.07
125.77
44
78.79
8
31
2.02
53.54
88
112
148.98
156.12
116
106.06
102
40.59
129
12.12
20.79
76
139.8
146.94
79.8
77
89
125
143.88
25.25
156.12
2
0
1.01
26.26
40
58.42
105
162.63
165.31
156.12
106.93
73
57.14
69.31
32.32
1.98
2
101.98
164.65
175.76
144.44
144.44
135.35
14.85
15
84.85
68
2
26
104.04
149.49
153.47
166.67
136.73
0.99
46.46
131.31
94.95
77.78
8
27
122.45
179.8
192
111.11
70
34
76.53
86.73
6
140.21
16.16
52.53
155.56
124.24
130.3
38.38
126
123.53
105.05
13.86
20
2.02
5.05
92.93
119.19
134
164.36
150
116.16
89.11
18.81
25.25
127.55
12.12
0
92.93
230
332.65
64
0
26
165
59.6
176.77
82
59.6
169
185
161
193.88
183
161.62
113
105.1
103.03
121.21
153.06
150
128.71
127.55
142.86
158.59
149
68
85.86
134
146.94
137
161
154.08
144.44
169
152.53
151.52
39
115.31
49.5
172.16
163.27
139.8
154.55
156.12
142.57
139.39
131.68
47
113
153.06
162.63
175.25
156.7
198.99
170.41
118.37
97.98
109
33
144.44
161.22
169.39
143.43
166.67
126.53
151.52
134
124
113.13
167.35
130
76.77
111.11
166.67
157
152.53
137
57
153
166
153.54
123
107
160.61
160
150
144.9
212
209.09
142.42
111.88
164.65
112.24
114
161
164
150
308.16
383.84
0
0
0
64.65
35
14.14
57
40.4
20.2
48.51
42.42
69
88.89
98.02
97.98
57.58
8.91
17.82
8.91
0
38
4.95
0
0
0
0
0
0
0
1.01
0
1.03
0
0
0.43
0
0
0.34
0
0
0
2.02
0.41
0
0
0
1.03
0
0
1.01
0
0
0
1.02
0
0
0
0
0
1.03
0.21
0
0
0
0.99
0
0
0
1.04
0
1.46
3.09
0
4.08
8.96
142.86
83
128
126
132.65
104.04
78
50
123.23
45.92
85.71
2
1.01
15
165
151
181.63
82.83
135
113.27
18
112.12
16.16
3.03
57.58
121.78
160.2
103
173.74
116.16
10
77.23
65
104.12
1
1
2.02
71.72
157.58
163.27
150.5
117
58.59
46
92.08
2.02
55.56
54
67.65
147
145
112
120.2
28
36.36
89.8
4.04
57
175.25
191.92
148.48
80
80.81
124
12
32
46.46
33
3.03
171
102
100
121.21
151.52
79.8
93.94
42.42
45
16.16
6.06
131.37
167.68
57.58
92.93
161.46
119
102
66.33
50
17
62
175.76
161.62
106
138.38
66.34
26
18
102.94
13.86
72
41
1.01
76
95.92
100.99
136.73
110.1
128.71
129.59
44
30.3
10.1
40.59
86.87
93.88
118.81
111.11
168.37
160.2
85
10.1
106.06
11.88
43.56
38.38
0
85.86
148
164.95
168
33.33
52.48
118.37
85
2.02
5.94
91.92
161.62
169.7
121.21
135.71
85.71
61.62
40
114.14
6.06
1
5
169.07
176.24
133
118
131.31
66.34
60
98
50.51
102.97
6.06
75.76
36
143.43
123
171.72
54.46
57.14
66.67
115.15
129.29
16.16
2
58
164.71
157.58
112
50
3
126.26
149.5
137.37
98.99
3
28
178.79
161
155
43
74.75
115.53
162.11
35.35
34
13.13
51
46
163
127.55
155
185.71
167.01
109.09
157
160.2
97
83.84
139
142
149.49
171
187.76
152.53
144.44
182.65
174.23
24
155
123
137.37
152.48
192
121.78
143.88
158.59
151.52
138
38
112.12
136
162.63
173.47
160.61
151.52
163.27
142.42
139.39
151.52
37
150
145
130.61
160.61
154.64
121
159
51.52
71
133.67
9
40.4
151.02
164.65
130
145
165.98
138.38
146
97.96
163.27
100
120
148
155.1
153.54
147.96
136.63
145.45
76.77
156
144
77
146.46
173.27
170
154.08
156.25
146.08
116.16
175.26
175.26
96
62.63
132.32
169.39
145.45
160.61
176.77
100
639.39
173.47
0
0
16.83
24.24
60
45.45
26.26
24
68
112.12
43.43
24.24
7.92
0
0
0
0
0
0
0
0
0
0
0
0
0
0
0
0
0
0
0
0
0
0
1.02
0
0
0
0
0
1.01
0
0.41
0
0.33
0
1.01
0
0
0
1.01
0.12
0
0
5.15
2
21.43
0
0
0
1.03
0
18.85
169.7
126.26
136.73
152.04
108.08
114.29
9.9
106.19
20.2
2
3
72.28
124.75
160
182.65
166.67
109.18
40
48
53
27.72
0
25
124.24
154.55
167.65
140.21
18.81
29
68.69
17.17
111.88
7
58.59
183.67
150.5
173.47
129.7
35.35
36.63
62.63
30
37.62
58
32
66.67
140.4
143.88
140.82
115.31
88
44
93.94
45
62
55.56
88.89
97
131.63
134.69
161
69.31
45.45
91.92
71.43
72.45
29
1
70.71
134.34
175
108.16
114.29
76
108
79.21
61.62
58.59
26.73
40.4
0.99
82.83
157.58
167.68
165
154.55
36
98.02
38
101.01
90.91
0.99
83
152
156
146.94
120.2
31
91
35
43
85.71
45
3.03
139
154.08
169.39
110.2
12
62
90
41
89
60
1.01
11
182
152.04
134.69
85.86
89
72.73
8
110
77
64
4
86.87
167.33
142.86
87.88
77
135
32
37
140.4
146.94
3
83.84
99
67.68
78.79
124.75
117.35
68
38
95.92
82
5.05
116.16
137.37
69.31
124.24
165.31
107.07
68.69
72.73
80.81
128
48.51
1.01
34.34
42
76.77
125.77
167.35
65.35
107.07
115.31
102.02
28
3.03
96.97
114
130.61
113
140.4
67.33
104
91.92
89.9
40
22
181
30
145.92
147.96
84.85
68
121
122.22
72
10.1
12.12
40.59
96.97
192.86
185.86
152.53
152.53
119.19
124.24
148.51
161.62
170
86.73
163.64
123.23
114.14
140.82
137.62
118
154
186.73
127.55
146.94
100
170.1
179.38
167.33
177.32
134
137
154.55
155.45
140.82
81
13.86
136.36
154.08
178.79
116
134.34
172.45
153.06
110.89
182
98
125
158.59
184.69
138.38
131.31
171.43
166.67
127
174.75
131.31
55
79
109
126.53
108
163.27
153.54
128.57
103
140
77
91.84
162
136.36
136.73
182
157.58
121.21
163.27
165.31
120.2
142
94.95
130.3
123
185
162.75
167.35
165.31
137.37
135.35
155
92
96
127.27
193.81
113.86
172.73
202.97
189.8
311.34
0
0
4
12.87
35.35
77
35
8
0
0
0
0
1.03
0
0
0.25
0
0
0
0
1
1.01
0
1.03
0
0
0
1.01
0
0
0
1.02
0
0
0
1.03
5.1
1.06
1.05
10.1
0
1.01
0.5
12.37
0
2.02
1.98
1.01
6.25
2.08
2.08
2.02
0
1.05
0
3.17
1.03
3.15
1.04
0
0
1.03
0
0
1
1.03
0
0
2.06
0
0
0
1.01
0
1.98
58.42
151.52
104.04
143.56
160.61
92.86
74
26
78.79
17.82
24.24
39
10.1
135.05
152
135
183
91
116.49
57.58
114.43
32
95.05
2.02
22
117.82
191.92
95
66.67
152.48
82
109.09
26
125.51
1
8.08
118.45
118.18
118.18
119.19
174
117.17
80
43.43
87.88
1.01
48.48
155
109.71
170
201.02
86.14
122.45
40.4
56.44
125.25
19.19
9.02
163.64
195.96
198.97
110.1
118.18
56
45.45
84.16
3.03
48
48.51
189.9
171.13
136.73
121
87.88
42.42
35.64
78.79
73.27
24.24
21
164.65
135.64
133.33
127.18
135.35
26
88.89
48.48
68.69
35.64
86.6
172.73
116
154.08
92.86
136.36
22.22
40.4
119
94.95
1.01
118.37
143.88
56
178.79
78.79
151
19
60.61
156.57
31.31
1.01
151
51.52
179.8
161.62
136
55.1
36
56.57
124.49
39
18.18
139
40
140.2
196.97
114
100
47.52
59.6
124.24
5
101.02
168
56.44
189.8
107
116.83
66.67
92.86
21.78
127.27
17
18
56.57
95.96
114.14
125.25
174.49
82
65.31
82.83
68.69
115.31
4
0
80.61
148.48
187.76
110.89
128.28
89.11
35.35
77
2
33.33
97.98
127.27
177
123.76
110.2
110.1
70.3
28.71
110
2
107.14
65
171.72
106.06
7.07
17.82
81.82
299.01
147.47
167.68
123.23
119.19
151
124.24
68.69
202.02
167
153.06
150.51
62.63
125
132.65
211.11
185.86
101.02
89.8
134.34
163.64
118.18
127.84
134
142
179.8
157.58
40
100
151.52
173.74
121.78
145.45
130.61
119.8
156
184
135.35
175
63
182.83
162.24
156.57
128.57
125.49
202.02
211.11
132
157
151
114.14
135
193.94
135.64
150.51
180
166.33
137.37
164.65
184.69
92.93
137.76
183.67
137.37
173.47
203
209.18
119.19
52.53
170.41
132.32
93
190
161
151.52
197.92
188.89
89.11
137.37
180.61
170.71
95.92
151.52
144
166.67
167
179.8
178.79
124
81.19
0
0
12
40.4
20
52
61.39
80
95
62.24
19
0
0
0
0
3.06
13.27
11
4.12
2.49
0
0
0.48
0
1.03
0
0
1
0
0
0
0
1.01
0
0
0
0
0
1
4.21
0
5.1
5.15
33.33
3.12
0
10.31
11.27
19.59
10.53
0
0
8.25
1.17
0
3.06
0
0
1.01
1.02
0
0
5
151.52
171
175
56.44
141.84
50
41.58
41
94.95
89
37
67.68
169
97.96
62
156.44
152.04
66
72
41.41
81
82.83
42.86
117.82
141.84
85
182.65
79.8
108
9.9
16.16
153
139.6
2
0
51.52
94.9
119.19
146
121
74.26
76.53
66
139.8
2.02
61.62
130.3
105.05
122
122.22
105.05
78.43
41
123.23
126.53
36
35.64
37.76
92
116.83
137.25
105
80.2
53
89.8
126
10
10
56.57
26
127
142.42
181
50
98.99
87
154.46
67.68
3.03
64
94
98.99
189.8
62
105
53
164.65
76.77
141.24
6.06
7
121.65
98
101
137
61
84
121
106.06
83.17
100
32.67
1
10.1
111.88
100.99
118.81
102.97
172.45
104.9
129.17
148.45
55.56
108.16
129.29
22.22
1
25
100
123.47
139
161.22
142.86
80.81
64
106.06
116.16
1
39
35.35
122.77
161.22
178.35
106.06
102.04
57.58
123.23
63
70
1.01
26
21.21
138.24
111.11
127.55
134.31
97.98
77.78
142
12.12
110.89
16
33.67
4
114.85
169.39
78
127
154.64
132.99
107
55
36.63
76
82.18
2.02
99
42.42
176.24
114.29
173.47
61.62
83.17
105.15
40
108.08
56
23.23
59.6
40.4
160.61
179.21
184.85
63
21.21
74
48.51
13
16.16
31
169.7
197.96
193.88
129.41
122.22
109.18
171
145.92
187
135.71
78.22
184.85
169.39
131.68
181.63
103
155.56
107
194.9
155.67
135
162.38
169.39
32
109
103.03
123
138.38
184.85
98.98
135.64
179.59
178.57
162.63
95.92
111
172.28
152.04
185.86
143.43
139.39
180.61
176.53
158
114.29
64.65
78
67.68
243
145
167.68
292.86
260
132.04
239.18
107.92
34
135
90.1
132.65
144.55
77.78
149.5
116.16
163
121
111.88
24.24
206
105.94
135
169
165
157
151
129
121.21
113.13
57
99
135
183.84
177.23
190
134.65
149.5
126.26
54.46
200
14.85
111.11
161.62
162.38
146.46
177
179
147
98
192
131
80
204.04
140.2
0
0
9
33
57
41
7
0
0
0
0
0
0
28
12.77
4.17
3.16
4.42
1.04
4.12
0
2.02
0
0
0
0.45
0
0
0
1.03
0
0
0
0
0
0
1.01
0
0
5.1
0
2.04
0
0.33
0
0
1.05
0
0
1.04
0
0
16.49
14.04
2.6
0
0
1.02
0
0
0
1.01
0.21
1.02
0
0
1
51
136.36
116.16
108
180
125
108
120.2
70
108.91
1
0
17
16
37
145.45
23.23
176.29
151.52
197
167
152
6
36
140
133
68.69
1.98
9
47
100
66.67
71.57
69
90.91
151
156
167.68
120.79
83.84
78.22
127
51
76
2
0.38
61.62
82
54.55
165.31
136.36
140.59
245.45
79
91
138.61
73.74
4
9.9
114.14
0.99
7.82
128
41.41
165.31
172.73
152
31
73
144.44
151
61
58
94
13
3
9
51
61.39
18.18
139
170.59
122.45
182
174.26
85.86
33
1
25
157.58
100.99
171
120.2
4.04
115.15
38
73.74
171.72
194.9
162
99.01
42
93
1
56
38
80.81
49
19.8
38.38
134.34
1.98
34.34
166
158.59
157.58
144.55
84
100
87.13
88
132.32
29.7
31
9
4.04
0
14
155
64.36
74
187.76
119
169
171
13
25
90
130
114
65
53
0
20.59
92
6.06
63
114.14
197.98
173.74
183.17
11
85
2
3
